12.02.2024 08:05:40  *01n 20 100TL 4  501.0  0.18    94  230.0  0.00     0  227.6  0.85  229.1  0.82  229.4  0.84    94    93 0.422c  28.5      0 9409
12.02.2024 08:06:00  *01n 20 100TL 4  481.5  0.11    57  285.2  0.00     0  227.6  0.79  228.8  0.81  229.2  0.76    57    74 0.992c  28.5      0 EC35
12.02.2024 08:06:20  *01n 20 100TL 4  461.7  0.07    33  289.9  0.00     0  227.2  0.78  228.5  0.79  228.9  0.77    33    77 0.997c  28.6      0 E800
12.02.2024 08:06:40  *01n 20 100TL 4  441.6  0.24   106  270.1  0.00     0  227.3  0.82  228.5  0.79  229.1  0.78   106    79 0.997i  28.6      1 8E38
12.02.2024 08:07:00  *01n 20 100TL 4  421.7  0.17    70  250.1  0.00     0  227.2  0.77  228.6  0.78  229.2  0.80    70    79 0.996c  28.7      1 51D0
12.02.2024 08:07:20  *01n 20 100TL 4  402.6  0.10    39  230.9  0.00     0  227.6  0.78  229.1  0.79  229.5  0.81    39    76 0.997i  28.8      2 01F9
12.02.2024 08:07:40  *01n 20 100TL 4  389.5  0.30   117  227.3  0.00     0  227.8  0.77  229.0  0.79  229.5  0.76   117    80 0.995c  28.8      2 7CF0
12.02.2024 08:08:00  *01n 20 100TL 4  389.4  0.17    67  227.2  0.00     0  227.9  0.79  229.2  0.81  229.5  0.82    67    80 0.996i  28.9      3 FBAD
12.02.2024 08:08:20  *01n 20 100TL 4  389.6  0.18    68  227.1  0.00     0  228.0  0.82  229.1  0.81  229.4  0.77    68    83 0.997i  29.0      3 27A1
12.02.2024 08:08:40  *01n 20 100TL 4  389.5  0.14    57  226.9  0.00     0  227.6  0.78  229.2  0.78  229.2  0.77    57    83 0.997c  29.0      4 51BF
12.02.2024 08:09:00  *01n 20 100TL 4  389.3  0.16    62  227.2  0.00     0  227.9  0.77  229.0  0.79  229.2  0.77    62    85 0.996c  29.1      4 8813
12.02.2024 08:09:20  *01n 20 100TL 4  389.5  0.20    77  227.2  0.00     0  227.6  0.83  228.7  0.83  229.1  0.82    77    88 0.997i  29.1      4 AF39
12.02.2024 08:09:40  *01n 20 100TL 4  389.5  0.29   115  227.2  0.00     0  227.8  0.78  229.2  0.80  229.5  0.77   115    91 0.998c  29.2      5 8F29
12.02.2024 08:10:00  *01n 20 100TL 4  389.2  0.36   140  227.2  0.00     0  227.7  0.80  229.1  0.81  229.2  0.81   140    96 0.997i  29.2      5 C05A
12.02.2024 08:10:20  *01n 20 100TL 4  389.3  0.23    93  227.0  0.01     1  227.7  0.79  228.9  0.79  229.3  0.82    94    96 0.998i  29.2      6 0B80
12.02.2024 08:10:40  *01n 20 100TL 4  389.3  0.40   157  227.2  0.02     3  228.3  0.80  228.5  0.79  229.4  0.81   160   100 0.998i  29.3      7 54AD
12.02.2024 08:11:00  *01n 20 100TL 4  388.8  0.18    73  226.8  0.01     3  228.0  0.79  229.2  0.82  229.7  0.78    76    97 0.998i  29.3      7 DC33
12.02.2024 08:11:21  *01n 20 100TL 4  389.3  0.41   160  227.5  0.03     7  227.7  0.77  228.8  0.79  229.6  0.80   167    99 0.995c  29.4      8 7A82
12.02.2024 08:11:41  *01n 20 100TL 4  388.5  0.20    80  226.9  0.01     3  227.7  0.78  228.9  0.81  229.3  0.80    93   103 0.998c  29.4      8 350B
12.02.2024 08:12:01  *01n 20 100TL 4  388.9  0.23    88  227.1  0.02     4  227.5  0.82  229.0  0.79  229.3  0.80    93   103 0.998c  29.5      9 FCA9
12.02.2024 08:12:21  *01n 20 100TL 4  389.6  0.21    85  227.2  0.01     3  227.5  0.79  229.1  0.80  229.3  0.81    88   102 0.998c  29.5      9 2718
12.02.2024 08:12:41  *01n 20 100TL 4  389.5  0.26   102  227.2  0.01     3  227.6  0.79  229.0  0.81  229.3  0.84   105   106 0.998i  29.6     10 2004
12.02.2024 08:13:01  *01n 20 100TL 4  389.3  0.19    74  226.9  0.01     3  227.8  0.77  229.1  0.80  229.3  0.80    77   108 0.998c  29.6     11 6B5D
12.02.2024 08:13:21  *01n 20 100TL 4  389.6  0.32   123  227.2  0.03     7  227.8  0.79  228.9  0.83  229.3  0.86   131   111 0.998i  29.6     11 AB6D
12.02.2024 08:13:41  *01n 20 100TL 4  389.6  0.30   117  227.3  0.03     6  227.8  0.81  229.2  0.81  229.5  0.75   123   114 0.998i  29.7     12 F073
12.02.2024 08:14:01  *01n 20 100TL 4  389.6  0.19    77  227.2  0.02     3  228.0  0.80  229.3  0.79  229.6  0.78    80   112 0.998c  29.7     12 A27E
12.02.2024 08:14:21  *01n 20 100TL 4  389.4  0.24    94  227.2  0.03     6  227.9  0.79  229.1  0.78  229.3  0.76   100   114 0.998c  29.8     13 1697
12.02.2024 08:14:41  *01n 20 100TL 4  389.6  0.22    90  227.2  0.03     6  228.1  0.79  228.9  0.78  229.7  0.80    96   114 0.998c  29.8     14 CCDF
12.02.2024 08:15:01  *01n 20 100TL 4  389.5  0.28   108  227.4  0.03     4  227.9  0.76  229.2  0.79  229.5  0.78   112   117 0.998c  29.8     14 E6CF
12.02.2024 08:15:21  *01n 20 100TL 4  389.5  0.35   137  227.3  0.05     9  227.7  0.79  229.2  0.78  229.4  0.79   146   117 0.998c  29.9     15 221B
12.02.2024 08:15:41  *01n 20 100TL 4  389.4  0.29   114  227.2  0.06    12  227.6  0.79  229.0  0.81  229.1  0.77   126   122 0.998c  29.9     16 9179
12.02.2024 08:16:02  *01n 20 100TL 4  389.5  0.27   106  227.3  0.03     7  227.8  0.79  229.3  0.81  229.4  0.81   114   122 0.999i  30.0     16 BD37
12.02.2024 08:16:22  *01n 20 100TL 4  389.4  0.23    93  227.3  0.03     7  227.9  0.79  229.1  0.77  229.1  0.80   100   123 0.998c  30.0     17 7F1D
12.02.2024 08:16:42  *01n 20 100TL 4  389.4  0.41   160  227.2  0.04     7  227.8  0.78  229.1  0.77  229.3  0.77   167   126 0.998c  30.0     18 EE46
12.02.2024 08:17:02  *01n 20 100TL 4  389.4  0.25   100  227.2  0.03     6  228.0  0.76  229.2  0.79  229.3  0.79   106   126 0.999c  30.1     18 67B7
12.02.2024 08:17:22  *01n 20 100TL 4  389.5  0.35   140  227.2  0.06    13  227.9  0.78  229.3  0.80  229.4  0.79   154   126 0.998c  30.1     19 EBF5
12.02.2024 08:17:42  *01n 20 100TL 4  389.5  0.36   140  227.3  0.04     7  227.7  0.80  229.1  0.80  229.4  0.80   148   129 0.999i  30.1     20 2597
12.02.2024 08:18:02  *01n 20 100TL 4  389.5  0.30   117  227.3  0.04     9  227.6  0.83  229.0  0.83  229.1  0.81   126   134 0.999i  30.2     21 7A44
12.02.2024 08:18:22  *01n 20 100TL 4  389.3  0.31   120  227.1  0.05    10  227.1  0.79  228.2  0.78  228.5  0.81   131   135 0.999c  30.2     21 B89F
12.02.2024 08:18:42  *01n 20 100TL 4  389.6  0.30   120  227.1  0.05    12  227.4  0.76  228.8  0.82  229.1  0.78   132   135 0.999c  30.3     22 FC1C
12.02.2024 08:19:02  *01n 20 100TL 4  389.5  0.30   117  227.4  0.05    12  227.3  0.80  228.7  0.81  229.0  0.82   129   137 0.999c  30.3     23 BBE7
12.02.2024 08:19:22  *01n 20 100TL 4  389.5  0.25   100  227.2  0.05    12  227.5  0.76  228.8  0.78  229.1  0.78   112   137 0.999c  30.3     24 252C
12.02.2024 08:19:42  *01n 20 100TL 4  389.6  0.23    91  227.4  0.03     7  227.5  0.79  228.9  0.82  229.0  0.80    99   137 0.998i  30.4     24 5749
12.02.2024 08:20:02  *01n 20 100TL 4  389.4  0.24    96  227.4  0.04     9  227.6  0.79  229.1  0.79  229.1  0.83   105   141 0.999c  30.4     25 55CA
12.02.2024 08:20:22  *01n 20 100TL 4  389.5  0.36   141  227.2  0.07    13  227.8  0.80  229.0  0.79  229.3  0.78   155   141 0.998c  30.4     26 FBFE
12.02.2024 08:20:42  *01n 20 100TL 4  389.4  0.31   122  227.3  0.05    10  227.5  0.79  228.9  0.81  229.1  0.79   132   141 0.999c  30.5     27 35EA
12.02.2024 08:21:02  *01n 20 100TL 4  389.6  0.30   117  227.2  0.07    15  227.8  0.78  229.1  0.79  228.8  0.78   132   143 0.998c  30.5     28 3101
12.02.2024 08:21:22  *01n 20 100TL 4  389.5  0.41   160  227.2  0.07    15  228.4  0.79  228.6  0.84  229.2  0.80   175   146 0.999i  30.6     28 EA14
12.02.2024 08:21:42  *01n 20 100TL 4  389.5  0.29   114  227.1  0.05    12  228.3  0.79  228.8  0.79  228.7  0.79   126   143 0.999c  30.6     29 4C0A
12.02.2024 08:22:02  *01n 20 100TL 4  389.7  0.30   119  227.2  0.06    13  227.8  0.80  229.1  0.80  229.2  0.84   132   144 0.999i  30.6     30 D96F
12.02.2024 08:22:23  *01n 20 100TL 4  389.3  0.45   177  227.1  0.07    15  227.8  0.81  228.9  0.81  229.2  0.79   192   149 0.999c  30.7     31 91DD
12.02.2024 08:22:43  *01n 20 100TL 4  389.5  0.30   119  227.2  0.06    13  227.5  0.79  228.8  0.83  229.1  0.79   132   143 0.999i  30.7     32 1EFC
12.02.2024 08:23:03  *01n 20 100TL 4  389.4  0.24    94  227.2  0.04    10  227.8  0.75  229.0  0.80  229.1  0.78   105   137 0.999c  30.7     32 2413
12.02.2024 08:23:23  *01n 20 100TL 4  389.4  0.28   111  227.2  0.05    12  227.6  0.79  228.9  0.81  229.1  0.78   123   140 0.998i  30.8     33 DED8
12.02.2024 08:23:43  *01n 20 100TL 4  389.4  0.24    93  227.0  0.05    10  227.6  0.84  228.8  0.80  229.0  0.80   103   138 0.999i  30.8     34 BEF6
12.02.2024 08:24:03  *01n 20 100TL 4  389.5  0.33   129  227.2  0.05    12  227.7  0.79  229.0  0.81  229.1  0.76   141   140 0.999c  30.8     35 502F
12.02.2024 08:24:23  *01n 20 100TL 4  389.5  0.37   141  227.2  0.06    13  227.8  0.81  228.9  0.82  229.2  0.81   155   140 0.999c  30.9     36 0BE9
12.02.2024 08:24:43  *01n 20 100TL 4  389.6  0.26   105  227.5  0.04     9  227.7  0.84  229.2  0.82  229.3  0.82   114   140 0.998i  30.9     36 F7A8
12.02.2024 08:25:03  *01n 20 100TL 4  389.3  0.43   170  227.2  0.07    15  227.8  0.78  229.2  0.80  229.4  0.80   186   144 0.999c  30.9     37 2AFC
12.02.2024 08:25:23  *01n 20 100TL 4  389.5  0.32   128  227.2  0.05    12  227.7  0.79  229.2  0.80  229.4  0.81   140   138 0.999i  31.0     38 5906
12.02.2024 08:25:44  *01n 20 100TL 4  389.5  0.25    97  227.2  0.04     9  228.5  0.82  228.6  0.81  229.1  0.80   106   138 0.999i  31.0     39 63BF
12.02.2024 08:26:04  *01n 20 100TL 4  389.5  0.29   112  227.2  0.04     9  227.8  0.83  229.3  0.81  229.3  0.80   122   140 0.999c  31.0     39 98E9
12.02.2024 08:26:24  *01n 20 100TL 4  389.4  0.27   106  227.3  0.06    12  227.8  0.79  229.0  0.82  229.2  0.79   119   141 0.999i  31.1     40 BB39
12.02.2024 08:26:44  *01n 20 100TL 4  389.6  0.28   112  227.2  0.04     9  227.9  0.80  229.3  0.80  229.4  0.80   122   149 0.999i  31.1     41 8C39
12.02.2024 08:27:04  *01n 20 100TL 4  389.4  0.38   151  227.2  0.07    13  228.2  0.80  229.6  0.81  229.6  0.79   164   154 0.999i  31.1     42 709B
12.02.2024 08:27:24  *01n 20 100TL 4  389.6  0.36   141  227.2  0.07    15  228.1  0.79  229.5  0.83  229.7  0.82   157   155 0.999i  31.2     43 21A9
12.02.2024 08:27:44  *01n 20 100TL 4  389.5  0.39   151  227.2  0.07    15  228.1  0.80  229.5  0.83  229.6  0.82   166   161 0.999i  31.2     44 1431
12.02.2024 08:28:04  *01n 20 100TL 4  389.6  0.30   119  227.3  0.06    13  228.2  0.83  229.7  0.80  229.8  0.81   132   161 0.999i  31.2     44 2BED
12.02.2024 08:28:24  *01n 20 100TL 4  389.4  0.53   207  227.4  0.10    21  228.1  0.79  229.6  0.82  229.7  0.81   228   160 0.999c  31.3     45 AD49
12.02.2024 08:28:45  *01n 20 100TL 4  389.5  0.39   154  227.3  0.08    16  228.0  0.80  229.5  0.84  229.5  0.82   170   166 0.998c  31.3     46 99E6
12.02.2024 08:29:05  *01n 20 100TL 4  389.5  0.35   138  227.2  0.09    19  228.1  0.77  229.4  0.83  229.3  0.79   158   167 0.999c  31.3     47 28C4
12.02.2024 08:29:25  *01n 20 100TL 4  389.3  0.31   123  227.3  0.08    18  228.0  0.83  229.4  0.81  229.4  0.83   141   167 0.999i  31.3     48 8ABA
12.02.2024 08:29:45  *01n 20 100TL 4  389.5  0.43   169  227.0  0.09    21  227.8  0.79  229.5  0.83  229.3  0.79   190   167 0.998i  31.4     49 CF8F
12.02.2024 08:30:05  *01n 20 100TL 4  389.6  0.38   151  227.4  0.09    19  227.9  0.82  229.4  0.83  229.3  0.82   170   172 0.999c  31.4     50 545E
12.02.2024 08:30:25  *01n 20 100TL 4  389.4  0.44   173  227.2  0.10    21  227.9  0.82  229.4  0.79  229.3  0.79   195   167 0.999i  31.5     51 3EAF
12.02.2024 08:30:45  *01n 20 100TL 4  389.4  0.36   138  227.2  0.08    19  228.1  0.79  229.5  0.79  229.5  0.78   158   164 0.999c  31.5     52 4D57
12.02.2024 08:31:05  *01n 20 100TL 4  389.3  0.38   146  227.3  0.10    21  228.1  0.83  229.3  0.83  229.1  0.85   167   169 0.999i  31.5     53 F7EE
12.02.2024 08:31:25  *01n 20 100TL 4  389.6  0.49   190  227.4  0.09    18  227.7  0.80  229.3  0.81  229.1  0.81   209   169 0.999i  31.5     54 342A
12.02.2024 08:31:46  *01n 20 100TL 4  389.5  0.42   164  227.2  0.09    21  228.0  0.79  229.2  0.81  229.1  0.81   186   167 0.999c  31.6     55 50AB
12.02.2024 08:32:06  *01n 20 100TL 4  389.5  0.34   134  227.2  0.07    16  227.9  0.82  229.4  0.81  229.2  0.83   151   166 0.999i  31.6     56 B116
12.02.2024 08:32:26  *01n 20 100TL 4  389.3  0.32   128  227.2  0.07    16  228.2  0.82  229.3  0.81  229.3  0.77   144   167 0.999c  31.6     57 F777
12.02.2024 08:32:46  *01n 20 100TL 4  389.3  0.32   126  227.2  0.08    18  228.1  0.86  229.1  0.80  229.1  0.86   144   169 0.999i  31.6     58 42D6
12.02.2024 08:33:06  *01n 20 100TL 4  389.5  0.39   152  227.1  0.09    19  227.8  0.80  229.0  0.81  229.2  0.82   172   173 0.999i  31.7     59 DA2C
12.02.2024 08:33:26  *01n 20 100TL 4  389.0  0.43   169  227.2  0.10    21  227.8  0.81  228.9  0.81  229.2  0.84   190   172 0.999c  31.7     59 6B24
12.02.2024 08:33:46  *01n 20 100TL 4  389.3  0.46   181  227.2  0.11    24  227.7  0.82  228.9  0.82  229.0  0.82   205   173 0.999i  31.7     60 E697
12.02.2024 08:34:07  *01n 20 100TL 4  389.5  0.35   137  227.2  0.07    15  227.8  0.88  228.9  0.84  228.9  0.86   152   175 1.000  31.7     61 F73C
12.02.2024 08:34:27  *01n 20 100TL 4  389.4  0.40   158  227.2  0.10    21  227.8  0.82  229.1  0.81  228.9  0.84   180   175 0.999c  31.8     62 B0C4
12.02.2024 08:34:47  *01n 20 100TL 4  389.5  0.49   192  227.2  0.13    28  228.0  0.81  229.2  0.81  229.2  0.81   221   180 0.999c  31.8     63 4CA4
12.02.2024 08:35:07  *01n 20 100TL 4  389.4  0.37   144  227.2  0.09    19  227.8  0.83  229.1  0.84  229.3  0.86   164   181 0.999i  31.8     64 EE91
12.02.2024 08:35:27  *01n 20 100TL 4  389.4  0.42   164  227.2  0.10    24  227.8  0.85  229.2  0.84  229.2  0.86   189   183 1.000  31.9     65 641C
12.02.2024 08:35:47  *01n 20 100TL 4  389.6  0.37   146  227.2  0.09    19  227.7  0.82  229.1  0.80  229.3  0.82   166   183 1.000  31.9     66 E64B
12.02.2024 08:36:07  *01n 20 100TL 4  389.3  0.35   137  227.2  0.08    18  228.0  0.79  229.2  0.79  229.3  0.80   155   181 1.000  31.9     67 F7F0
12.02.2024 08:36:27  *01n 20 100TL 4  389.3  0.34   132  227.3  0.09    19  227.6  0.82  228.7  0.84  228.8  0.83   152   184 1.000  32.0     68 86D8
12.02.2024 08:36:48  *01n 20 100TL 4  389.6  0.44   173  227.2  0.10    22  227.7  0.84  229.0  0.83  228.9  0.82   196   187 1.000  32.0     69 7B97
12.02.2024 08:37:08  *01n 20 100TL 4  389.5  0.33   131  226.9  0.09    19  228.3  0.85  228.5  0.86  228.4  0.84   151   186 1.000  32.0     71 04E8
12.02.2024 08:37:28  *01n 20 100TL 4  389.5  0.39   152  227.2  0.10    22  227.7  0.84  229.0  0.85  229.1  0.85   175   190 1.000  32.0     72 BE83
12.02.2024 08:37:48  *01n 20 100TL 4  389.4  0.39   152  227.2  0.10    22  227.8  0.83  229.2  0.86  229.3  0.85   175   193 1.000  32.1     73 8FB4
12.02.2024 08:38:08  *01n 20 100TL 4  389.5  0.45   177  227.2  0.13    28  227.9  0.81  229.1  0.82  229.1  0.82   205   198 0.999c  32.1     74 1C81
12.02.2024 08:38:28  *01n 20 100TL 4  389.5  0.44   173  227.1  0.11    25  227.7  0.81  229.0  0.80  228.8  0.80   199   202 1.000  32.1     75 64BA
12.02.2024 08:38:49  *01n 20 100TL 4  389.4  0.41   161  227.3  0.12    27  227.6  0.83  228.2  0.82  229.2  0.86   189   199 1.000  32.1     76 BA9A
12.02.2024 08:39:09  *01n 20 100TL 4  389.6  0.45   177  227.2  0.14    33  227.7  0.83  228.0  0.82  229.0  0.86   210   205 1.000  32.2     77 9C51
12.02.2024 08:39:27  *01n 20 100TL 4  389.4  0.54   213  227.2  0.16    35  227.8  0.84  228.3  0.85  229.1  0.83   248   212 1.000  32.2     78 BACB
12.02.2024 08:39:46  *01n 20 100TL 4  389.6  0.45   177  227.2  0.14    32  227.8  0.87  228.2  0.86  229.2  0.88   209   210 0.999i  32.2     79 B64B
12.02.2024 08:40:06  *01n 20 100TL 4  389.5  0.51   199  227.2  0.14    30  227.7  0.85  228.3  0.82  229.2  0.86   230   212 1.000  32.2     81 3CCD
12.02.2024 08:40:26  *01n 20 100TL 4  389.4  0.39   154  227.2  0.11    27  227.8  0.85  228.0  0.85  229.1  0.86   181   215 1.000  32.3     82 ED6D
12.02.2024 08:40:46  *01n 20 100TL 4  389.6  0.48   189  227.2  0.15    35  227.7  0.81  227.9  0.83  229.2  0.83   224   219 0.999c  32.3     83 9FE7
12.02.2024 08:41:06  *01n 20 100TL 4  389.4  0.59   233  227.2  0.16    35  227.8  0.84  227.9  0.83  229.3  0.84   268   225 0.999c  32.3     84 67CB
12.02.2024 08:41:26  *01n 20 100TL 4  389.5  0.64   250  227.2  0.18    38  228.6  0.83  227.8  0.83  229.1  0.81   288   221 0.999c  32.3     86 E83E
12.02.2024 08:41:46  *01n 20 100TL 4  389.4  0.46   183  227.4  0.13    28  228.0  0.86  228.3  0.85  229.6  0.83   212   228 1.000  32.4     87 F920
12.02.2024 08:42:06  *01n 20 100TL 4  389.5  0.47   184  227.2  0.14    30  228.1  0.83  228.6  0.86  229.5  0.87   215   228 1.000  32.4     88 064B
12.02.2024 08:42:26  *01n 20 100TL 4  389.4  0.58   227  227.3  0.17    38  228.3  0.82  228.6  0.80  229.6  0.84   265   225 1.000  32.4     89 16F9
12.02.2024 08:42:46  *01n 20 100TL 4  389.2  0.36   140  227.2  0.10    22  228.1  0.84  229.3  0.82  229.4  0.83   163   222 0.999c  32.4     91 0148
12.02.2024 08:43:07  *01n 20 100TL 4  389.4  0.49   192  227.2  0.15    33  228.0  0.81  229.5  0.84  229.6  0.83   225   224 0.999c  32.5     92 53D2
12.02.2024 08:43:27  *01n 20 100TL 4  389.4  0.44   173  227.2  0.11    25  228.0  0.85  229.3  0.87  229.4  0.86   199   224 1.000  32.5     93 2CE0
12.02.2024 08:43:47  *01n 20 100TL 4  389.4  0.36   140  227.3  0.10    24  228.1  0.87  229.5  0.86  229.7  0.86   164   219 1.000  32.5     94 8F60
12.02.2024 08:44:07  *01n 20 100TL 4  389.5  0.42   167  227.3  0.11    25  228.1  0.83  229.5  0.83  229.5  0.86   193   221 1.000  32.5     96 F91C
12.02.2024 08:44:27  *01n 20 100TL 4  389.4  0.45   173  227.3  0.13    30  228.1  0.87  229.4  0.86  229.6  0.87   204   224 1.000  32.5     97 874B
12.02.2024 08:44:47  *01n 20 100TL 4  389.5  0.47   184  227.2  0.14    32  228.2  0.87  229.4  0.84  229.6  0.87   216   227 0.999i  32.5     98 DFD9
12.02.2024 08:45:07  *01n 20 100TL 4  389.5  0.57   222  227.0  0.15    33  228.2  0.82  229.4  0.83  229.4  0.83   256   227 1.000  32.6     99 2C0B
12.02.2024 08:45:27  *01n 20 100TL 4  389.6  0.48   187  227.2  0.14    32  227.7  0.86  229.4  0.86  229.2  0.88   219   234 1.000  32.6    101 2699
12.02.2024 08:45:47  *01n 20 100TL 4  389.5  0.56   218  227.3  0.18    41  227.9  0.80  229.2  0.80  229.2  0.85   259   241 1.000  32.6    102 3BEE
12.02.2024 08:46:07  *01n 20 100TL 4  389.4  0.69   270  227.2  0.21    50  227.7  0.87  229.1  0.87  229.3  0.89   320   251 1.000  32.6    103 B338
12.02.2024 08:46:27  *01n 20 100TL 4  409.1  0.50   207  227.2  0.17    39  227.9  0.83  229.3  0.86  229.3  0.88   247   267 0.999c  32.7    105 3CFE
12.02.2024 08:46:47  *01n 20 100TL 4  425.7  0.63   268  227.3  0.21    47  227.9  0.90  228.8  0.87  229.3  0.89   315   282 1.000  32.7    106 EF80
12.02.2024 08:47:07  *01n 20 100TL 4  442.9  0.57   253  227.2  0.21    47  228.1  0.88  229.0  0.90  229.7  0.90   300   302 1.000  32.7    108 20BF
12.02.2024 08:47:27  *01n 20 100TL 4  479.5  0.51   247  227.2  0.17    39  228.1  0.92  229.5  0.93  229.5  0.91   286   323 1.000  32.7    110 A928
12.02.2024 08:47:47  *01n 20 100TL 4  488.7  0.61   299  227.2  0.22    48  228.1  0.96  229.4  0.93  229.4  0.92   347   335 1.000  32.7    112 D65A
12.02.2024 08:48:07  *01n 20 100TL 4  508.5  0.64   325  227.4  0.26    57  227.9  0.96  229.5  0.95  229.6  0.96   383   341 1.000  32.8    113 B441
12.02.2024 08:48:27  *01n 20 100TL 4  518.5  0.64   329  227.2  0.25    57  226.0  0.90  230.0  0.89  229.8  0.90   387   337 1.000  32.8    115 7A27
12.02.2024 08:48:47  *01n 20 100TL 4  508.0  0.52   267  227.2  0.21    47  228.4  0.97  229.0  0.94  229.7  0.93   314   347 1.000  32.8    117 8AE2
12.02.2024 08:49:07  *01n 20 100TL 4  507.9  0.62   314  227.2  0.22    50  228.2  0.91  229.3  0.91  229.5  0.93   364   352 1.000  32.8    119 2506
12.02.2024 08:49:27  *01n 20 100TL 4  507.4  0.68   344  227.2  0.26    59  228.3  0.96  228.8  0.94  229.6  0.97   404   361 1.000  32.9    121 3034
12.02.2024 08:49:47  *01n 20 100TL 4  497.1  0.71   357  227.2  0.26    59  228.3  0.97  229.4  0.96  229.6  0.96   416   367 1.000  32.9    123 DFF5
12.02.2024 08:50:08  *01n 20 100TL 4  506.8  0.73   369  227.2  0.28    64  228.1  0.93  229.2  0.90  229.4  0.92   433   370 1.000  32.9    125 A8B0
12.02.2024 08:50:28  *01n 20 100TL 4  506.6  0.72   367  227.2  0.29    65  228.1  0.95  229.2  0.94  229.5  0.95   433   384 1.000  32.9    127 00A5
12.02.2024 08:50:48  *01n 20 100TL 4  496.4  0.61   303  227.2  0.24    53  228.1  0.96  229.2  0.97  229.4  0.96   357   386 1.000  32.9    129 01E3
12.02.2024 08:51:08  *01n 20 100TL 4  496.1  0.58   288  227.2  0.24    53  228.0  1.02  229.2  1.01  229.6  1.04   341   395 1.000  33.0    132 B246
12.02.2024 08:51:28  *01n 20 100TL 4  495.9  0.69   347  227.1  0.25    56  228.2  0.98  228.9  0.93  229.9  0.93   404   399 1.000  33.0    134 F670
12.02.2024 08:51:48  *01n 20 100TL 4  495.2  0.59   292  227.2  0.24    54  228.3  1.01  229.4  1.01  229.8  1.01   347   408 1.000  33.0    136 1EC9
12.02.2024 08:52:08  *01n 20 100TL 4  495.3  0.80   398  227.2  0.30    70  228.3  1.00  229.5  0.98  229.8  0.98   468   418 1.000  33.0    138 9B78
12.02.2024 08:52:28  *01n 20 100TL 4  495.0  0.73   363  227.3  0.28    62  228.2  0.99  229.5  1.01  229.8  1.03   425   430 1.000  33.0    141 0954
12.02.2024 08:52:48  *01n 20 100TL 4  505.8  0.72   366  227.1  0.28    68  228.2  1.02  229.5  1.03  229.7  1.03   430   444 1.000  33.1    143 0E0C
12.02.2024 08:53:08  *01n 20 100TL 4  503.7  0.84   425  227.3  0.34    77  228.2  1.04  229.2  1.04  229.6  1.04   503   454 1.000  33.1    146 82E4
12.02.2024 08:53:28  *01n 20 100TL 4  504.2  0.69   350  227.2  0.30    68  228.2  1.00  229.3  0.97  229.7  0.99   419   462 1.000  33.1    148 33AD
12.02.2024 08:53:48  *01n 20 100TL 4  524.1  0.70   370  227.2  0.29    67  228.3  1.10  229.5  1.09  229.7  1.09   437   474 1.000  33.1    151 D302
12.02.2024 08:54:08  *01n 20 100TL 4  503.6  0.92   466  227.2  0.40    93  228.3  1.01  229.1  1.01  229.8  0.99   560   482 1.000  33.1    154 C8D2
12.02.2024 08:54:28  *01n 20 100TL 4  523.3  0.83   436  227.2  0.34    77  228.5  1.04  229.8  1.04  229.8  1.04   514   488 1.000  33.1    156 A0EC
12.02.2024 08:54:48  *01n 20 100TL 4  502.9  0.88   445  227.2  0.37    83  228.5  1.04  229.8  1.02  230.1  1.03   529   497 1.000  33.2    159 248E
12.02.2024 08:55:08  *01n 20 100TL 4  504.8  0.80   405  227.2  0.31    71  228.8  1.10  229.9  1.12  230.0  1.11   477   506 1.000  33.2    162 AEAF
12.02.2024 08:55:28  *01n 20 100TL 4  504.5  0.77   392  227.2  0.33    74  228.7  1.13  229.8  1.13  230.3  1.11   466   511 1.000  33.2    165 DA4B
12.02.2024 08:55:49  *01n 20 100TL 4  514.3  0.93   483  227.0  0.40    91  228.7  1.01  230.0  1.00  230.1  1.01   575   517 1.000  33.2    168 0DE5
12.02.2024 08:56:09  *01n 20 100TL 4  510.4  0.95   485  227.3  0.39    90  228.6  1.08  230.0  1.06  230.1  1.06   575   518 1.000  33.2    170 E28B
12.02.2024 08:56:29  *01n 20 100TL 4  513.0  0.85   439  227.0  0.38    86  228.5  1.05  229.9  1.04  229.8  1.06   526   523 1.000  33.3    173 68B8
12.02.2024 08:56:49  *01n 20 100TL 4  510.6  0.89   457  227.3  0.35    80  228.7  1.03  230.0  1.02  229.9  0.99   538   523 1.000  33.3    176 BECE
12.02.2024 08:57:09  *01n 20 100TL 4  511.8  0.83   430  227.0  0.37    83  228.4  1.14  229.8  1.13  229.9  1.11   514   524 1.000  33.3    179 0F63
12.02.2024 08:57:29  *01n 20 100TL 4  515.9  0.96   494  227.2  0.39    86  228.8  1.02  229.4  1.00  229.8  1.01   581   520 1.000  33.3    182 ED9A
12.02.2024 08:57:49  *01n 20 100TL 4  515.9  0.91   473  227.2  0.40    91  228.4  1.13  229.7  1.12  229.7  1.13   564   515 1.000  33.3    185 2F8A
12.02.2024 08:58:09  *01n 20 100TL 4  505.2  0.81   413  227.2  0.35    80  228.3  1.08  229.7  1.06  229.8  1.06   494   506 1.000  33.4    188 B376
12.02.2024 08:58:29  *01n 20 100TL 4  515.4  0.92   477  227.2  0.37    83  228.6  1.05  230.0  1.07  230.0  1.06   561   505 1.000  33.4    191 74AC
12.02.2024 08:58:49  *01n 20 100TL 4  515.0  0.89   459  227.2  0.39    88  228.5  1.08  229.8  1.08  229.9  1.07   547   494 1.000  33.4    193 2FBC
12.02.2024 08:59:09  *01n 20 100TL 4  514.7  0.76   395  227.2  0.31    70  228.3  1.12  229.7  1.11  229.6  1.12   465   494 1.000  33.4    196 587B
12.02.2024 08:59:29  *01n 20 100TL 4  505.2  0.70   355  227.2  0.30    70  228.3  1.07  229.9  1.07  229.9  1.09   425   489 1.000  33.4    199 7288
12.02.2024 08:59:49  *01n 20 100TL 4  504.2  0.91   463  227.1  0.36    82  228.1  1.01  229.7  1.01  229.5  0.99   546   480 1.000  33.4    201 4AAB
12.02.2024 09:00:09  *01n 20 100TL 4  513.9  0.70   364  227.2  0.31    71  228.2  1.06  229.6  1.05  229.6  1.06   436   479 1.000  33.4    204 7062
12.02.2024 09:00:29  *01n 20 100TL 4  513.9  0.73   375  227.2  0.28    65  228.1  1.07  229.4  1.04  229.2  1.07   440   468 1.000  33.4    207 C001
12.02.2024 09:00:49  *01n 20 100TL 4  503.5  0.77   389  227.2  0.33    76  228.1  1.04  229.5  1.04  229.6  1.05   465   463 1.000  33.5    210 4A04
12.02.2024 09:01:09  *01n 20 100TL 4  513.3  0.81   418  227.2  0.35    79  228.0  0.95  229.4  0.97  229.4  0.97   497   454 1.000  33.5    212 54FD
12.02.2024 09:01:29  *01n 20 100TL 4  501.5  0.76   383  227.0  0.30    68  228.2  0.99  229.6  0.97  229.3  0.99   451   445 1.000  33.5    215 08F3
12.02.2024 09:01:49  *01n 20 100TL 4  505.5  0.75   381  227.4  0.32    74  228.3  1.01  229.8  0.97  229.8  0.99   456   442 1.000  33.5    217 AC2B
12.02.2024 09:02:10  *01n 20 100TL 4  502.8  0.74   375  227.3  0.29    65  228.1  0.91  229.9  0.90  229.8  0.91   440   436 1.000  33.5    220 2654
12.02.2024 09:02:30  *01n 20 100TL 4  502.4  0.69   347  227.3  0.29    65  228.3  1.08  229.8  1.04  229.7  1.06   413   427 1.000  33.5    222 59DA
12.02.2024 09:02:50  *01n 20 100TL 4  502.1  0.69   350  226.9  0.26    57  228.2  0.96  229.6  0.96  229.8  0.97   408   411 1.000  33.5    224 426E
12.02.2024 09:03:10  *01n 20 100TL 4  503.0  0.72   363  227.3  0.29    65  228.5  0.98  229.8  0.98  229.8  1.01   428   401 1.000  33.6    227 309A
12.02.2024 09:03:30  *01n 20 100TL 4  499.0  0.68   338  227.3  0.24    54  228.9  0.99  229.3  0.96  229.3  0.95   393   387 1.000  33.6    229 C5D5
12.02.2024 09:03:50  *01n 20 100TL 4  505.5  0.75   379  227.2  0.28    64  228.4  0.95  229.7  0.93  229.7  0.91   444   389 1.000  33.6    231 68D2
12.02.2024 09:04:10  *01n 20 100TL 4  496.6  0.59   296  227.2  0.22    51  228.4  0.94  229.5  0.92  229.4  0.95   347   383 1.000  33.6    233 664C
12.02.2024 09:04:30  *01n 20 100TL 4  501.0  0.61   309  227.2  0.25    56  228.3  1.00  229.6  1.00  229.8  1.00   366   390 1.000  33.6    235 D496
12.02.2024 09:04:50  *01n 20 100TL 4  510.8  0.75   387  227.2  0.30    68  228.6  0.92  230.1  0.96  229.2  0.95   456   401 1.000  33.7    237 6327
12.02.2024 09:05:10  *01n 20 100TL 4  502.7  0.63   318  227.4  0.25    54  228.4  0.97  229.8  0.98  229.6  0.97   373   401 1.000  33.7    240 A4AF
12.02.2024 09:05:30  *01n 20 100TL 4  496.3  0.63   317  226.9  0.26    59  228.4  0.96  229.7  0.94  229.8  0.94   376   399 1.000  33.7    242 B0C4
12.02.2024 09:05:50  *01n 20 100TL 4  495.7  0.76   381  227.1  0.30    67  228.2  0.96  229.6  0.92  229.7  0.97   448   398 1.000  33.7    244 D7A0
12.02.2024 09:06:10  *01n 20 100TL 4  494.9  0.72   361  227.1  0.30    67  228.3  0.97  229.8  0.97  229.9  0.96   428   398 1.000  33.7    246 F927
12.02.2024 09:06:30  *01n 20 100TL 4  504.3  0.77   392  227.2  0.28    62  228.3  0.93  229.6  0.91  229.7  0.93   454   393 1.000  33.7    249 16A1
12.02.2024 09:06:50  *01n 20 100TL 4  509.0  0.71   364  227.2  0.29    65  228.2  1.01  229.8  0.98  230.1  1.01   430   389 1.000  33.7    251 4DFA
12.02.2024 09:07:10  *01n 20 100TL 4  507.4  0.68   350  227.2  0.25    54  228.6  0.93  229.6  0.92  229.7  0.91   405   376 1.000  33.7    253 027A
12.02.2024 09:07:30  *01n 20 100TL 4  512.2  0.65   331  227.2  0.27    61  228.3  0.97  229.5  0.94  229.9  0.97   392   372 1.000  33.8    255 6340
12.02.2024 09:07:50  *01n 20 100TL 4  494.0  0.60   300  227.2  0.22    50  228.7  0.99  229.5  0.98  229.8  0.97   350   366 1.000  33.8    257 42AD
12.02.2024 09:08:10  *01n 20 100TL 4  512.8  0.60   311  227.2  0.23    51  228.5  0.95  229.6  0.97  230.1  0.95   363   360 1.000  33.8    259 A757
12.02.2024 09:08:30  *01n 20 100TL 4  502.6  0.65   329  227.2  0.26    57  228.4  0.96  229.6  0.92  229.9  0.94   387   360 1.000  33.8    261 1EB2
12.02.2024 09:08:51  *01n 20 100TL 4  507.7  0.65   332  227.2  0.26    57  228.4  0.93  229.7  0.93  230.0  0.93   390   358 1.000  33.8    263 DF77
12.02.2024 09:09:11  *01n 20 100TL 4  507.6  0.65   332  227.2  0.24    54  228.6  1.00  229.8  0.99  230.1  1.01   387   358 1.000  33.8    265 034E
12.02.2024 09:09:31  *01n 20 100TL 4  507.2  0.68   344  227.3  0.25    57  228.2  1.00  229.7  0.98  230.0  0.95   402   358 1.000  33.8    267 126D
12.02.2024 09:09:51  *01n 20 100TL 4  506.9  0.67   340  227.2  0.27    62  229.5  0.93  228.4  0.93  229.8  0.94   402   360 1.000  33.9    269 615A
12.02.2024 09:10:11  *01n 20 100TL 4  506.7  0.54   279  227.2  0.19    44  228.4  0.92  229.4  0.91  229.9  0.90   323   355 1.000  33.9    271 4071
12.02.2024 09:10:31  *01n 20 100TL 4  506.5  0.66   337  227.1  0.26    57  228.1  0.93  229.7  0.91  229.7  0.92   395   355 1.000  33.9    273 3DE6
12.02.2024 09:10:51  *01n 20 100TL 4  496.1  0.63   315  227.2  0.22    50  228.5  0.95  229.7  0.95  229.7  0.95   366   361 1.000  33.9    275 2759
12.02.2024 09:11:11  *01n 20 100TL 4  506.1  0.63   318  227.2  0.25    57  228.6  0.90  229.6  0.90  229.8  0.91   376   358 1.000  33.9    277 546E
12.02.2024 09:11:31  *01n 20 100TL 4  505.9  0.49   248  227.3  0.18    39  228.1  0.94  229.2  0.93  229.7  0.96   288   360 1.000  33.9    279 87C0
12.02.2024 09:11:51  *01n 20 100TL 4  505.3  0.56   286  227.2  0.22    50  228.4  0.90  229.5  0.91  229.7  0.91   337   366 1.000  33.9    281 C3FC
12.02.2024 09:12:11  *01n 20 100TL 4  505.2  0.57   292  227.2  0.20    44  228.1  0.93  229.3  0.92  229.7  0.93   337   364 1.000  33.9    283 01F4
12.02.2024 09:12:31  *01n 20 100TL 4  505.1  0.61   312  227.3  0.24    54  228.2  0.90  229.6  0.92  229.8  0.89   367   367 1.000  34.0    285 91EE
12.02.2024 09:12:51  *01n 20 100TL 4  494.6  0.61   303  227.1  0.24    53  228.2  0.91  229.4  0.92  229.8  0.93   357   372 1.000  34.0    287 2AA9
12.02.2024 09:13:11  *01n 20 100TL 4  504.3  0.64   321  227.2  0.25    57  228.2  0.94  229.5  0.94  229.8  0.94   379   381 1.000  34.0    289 75F9
12.02.2024 09:13:31  *01n 20 100TL 4  506.9  0.58   297  227.2  0.21    47  228.1  0.99  229.4  0.99  229.8  0.99   344   383 1.000  34.0    291 0347
12.02.2024 09:13:51  *01n 20 100TL 4  500.9  0.73   367  227.2  0.28    65  228.5  0.95  229.5  0.95  229.8  0.96   433   389 1.000  34.0    293 DFB1
12.02.2024 09:14:11  *01n 20 100TL 4  490.7  0.75   370  227.2  0.28    62  229.1  0.90  229.4  0.91  229.6  0.91   433   392 1.000  34.0    296 9C69
12.02.2024 09:14:31  *01n 20 100TL 4  491.2  0.79   389  227.1  0.28    64  228.6  1.01  229.7  1.00  229.9  1.01   453   402 1.000  34.0    298 8AD6
12.02.2024 09:14:51  *01n 20 100TL 4  494.9  0.62   309  226.7  0.23    51  228.6  1.04  229.7  1.03  230.0  1.03   361   407 1.000  34.0    300 D8A6
12.02.2024 09:15:12  *01n 20 100TL 4  490.2  0.61   300  227.3  0.22    51  228.4  1.02  229.4  1.00  229.8  0.99   352   408 1.000  34.1    302 AEF3
12.02.2024 09:15:32  *01n 20 100TL 4  500.7  0.68   340  227.5  0.28    64  228.5  1.03  229.5  1.00  229.9  1.00   404   416 1.000  34.1    305 4DEE
12.02.2024 09:15:52  *01n 20 100TL 4  497.1  0.81   404  227.2  0.31    71  228.6  0.97  229.6  0.93  229.6  0.95   476   419 1.000  34.1    307 A3B4
12.02.2024 09:16:12  *01n 20 100TL 4  506.9  0.65   332  227.2  0.28    62  228.3  1.04  229.4  1.03  229.6  1.04   395   419 1.000  34.1    309 CDF1
12.02.2024 09:16:32  *01n 20 100TL 4  496.7  0.72   360  227.2  0.28    62  228.5  0.99  229.5  0.98  229.8  0.97   422   416 1.000  34.1    312 74EF
12.02.2024 09:16:52  *01n 20 100TL 4  496.3  0.74   369  227.4  0.30    67  228.6  0.95  229.8  0.94  230.0  0.91   436   408 1.000  34.1    314 4D0E
12.02.2024 09:17:12  *01n 20 100TL 4  496.0  0.63   312  227.2  0.23    51  228.8  0.96  229.8  0.94  230.1  0.97   364   399 1.000  34.1    316 F026
12.02.2024 09:17:32  *01n 20 100TL 4  496.7  0.58   292  227.0  0.23    51  228.8  0.96  229.9  0.94  230.1  0.94   344   390 0.999i  34.2    319 C1F3
12.02.2024 09:17:52  *01n 20 100TL 4  503.4  0.62   314  227.1  0.21    48  228.6  1.00  229.8  0.97  230.0  1.01   363   386 1.000  34.2    321 F668
12.02.2024 09:18:12  *01n 20 100TL 4  505.5  0.58   296  227.2  0.23    51  228.8  0.97  229.4  0.96  230.2  0.96   347   378 1.000  34.2    323 856B
12.02.2024 09:18:32  *01n 20 100TL 4  505.4  0.63   321  227.2  0.23    53  228.3  0.95  229.3  0.92  229.5  0.91   375   366 1.000  34.2    325 2E0C
12.02.2024 09:18:52  *01n 20 100TL 4  505.0  0.53   267  227.2  0.20    45  228.2  0.91  229.4  0.93  229.5  0.90   312   360 1.000  34.2    327 3FA4
12.02.2024 09:19:12  *01n 20 100TL 4  504.8  0.61   309  227.2  0.21    48  228.2  0.95  229.2  0.94  229.4  0.98   358   357 1.000  34.2    329 FB8B
12.02.2024 09:19:32  *01n 20 100TL 4  495.8  0.66   331  227.1  0.25    56  228.3  0.91  229.4  0.88  229.5  0.91   387   347 1.000  34.2    331 E42E
12.02.2024 09:19:52  *01n 20 100TL 4  501.9  0.55   276  227.2  0.19    44  228.4  0.97  229.5  0.95  229.8  0.95   320   344 1.000  34.2    333 81BD
12.02.2024 09:20:12  *01n 20 100TL 4  494.3  0.57   283  227.2  0.23    51  229.0  0.96  229.1  0.95  229.5  0.95   335   344 1.000  34.2    335 3499
12.02.2024 09:20:32  *01n 20 100TL 4  503.9  0.56   282  227.2  0.20    45  228.4  0.86  229.2  0.85  229.6  0.87   328   338 1.000  34.3    337 EA8F
12.02.2024 09:20:52  *01n 20 100TL 4  484.1  0.54   263  227.2  0.20    45  228.2  0.92  229.2  0.90  229.5  0.90   309   335 1.000  34.3    338 D4A4
12.02.2024 09:21:12  *01n 20 100TL 4  493.4  0.68   335  227.4  0.23    51  228.0  0.91  229.1  0.91  229.6  0.91   387   338 1.000  34.3    340 1BD2
12.02.2024 09:21:32  *01n 20 100TL 4  493.1  0.61   300  227.2  0.24    53  227.8  0.86  228.8  0.86  229.2  0.86   354   340 0.999c  34.3    342 E166
12.02.2024 09:21:53  *01n 20 100TL 4  503.1  0.56   282  227.2  0.19    44  228.2  0.92  228.8  0.90  229.6  0.91   326   346 1.000  34.3    344 5997
12.02.2024 09:22:13  *01n 20 100TL 4  502.7  0.67   338  227.2  0.26    57  228.0  0.97  228.8  0.95  229.2  0.96   396   355 1.000  34.3    346 D827
12.02.2024 09:22:33  *01n 20 100TL 4  502.1  0.58   294  227.1  0.20    45  228.2  0.93  229.2  0.94  229.7  0.89   340   357 1.000  34.3    348 67D2
12.02.2024 09:22:53  *01n 20 100TL 4  492.4  0.57   280  227.3  0.21    48  228.5  0.95  228.5  0.92  229.2  0.92   329   361 1.000  34.3    350 F62E
12.02.2024 09:23:13  *01n 20 100TL 4  511.8  0.66   338  227.2  0.24    56  227.9  0.92  229.0  0.90  229.4  0.90   395   369 1.000  34.4    352 BA53
12.02.2024 09:23:33  *01n 20 100TL 4  501.6  0.62   315  227.2  0.25    56  228.0  1.05  229.1  1.02  229.5  1.03   372   381 1.000  34.4    354 99F3
12.02.2024 09:23:53  *01n 20 100TL 4  501.5  0.63   318  227.2  0.25    57  228.1  1.00  229.1  1.00  229.6  0.97   376   389 1.000  34.4    356 938B
12.02.2024 09:24:13  *01n 20 100TL 4  501.1  0.78   396  227.2  0.30    70  228.1  0.94  229.2  0.96  229.9  0.95   466   390 0.999c  34.4    359 0F0C
12.02.2024 09:24:33  *01n 20 100TL 4  500.8  0.65   329  227.2  0.23    53  227.9  0.95  229.4  0.94  229.9  0.94   383   393 1.000  34.4    361 B9E3
12.02.2024 09:24:53  *01n 20 100TL 4  499.1  0.70   352  227.5  0.27    59  228.1  0.89  229.3  0.88  229.8  0.90   411   399 1.000  34.4    363 B167
12.02.2024 09:25:13  *01n 20 100TL 4  498.5  0.70   352  227.5  0.25    56  228.2  1.01  229.3  1.01  229.7  1.01   408   404 1.000  34.4    365 FB2F
12.02.2024 09:25:33  *01n 20 100TL 4  501.8  0.74   372  226.9  0.28    64  228.2  0.95  229.5  0.95  229.7  0.94   436   404 1.000  34.4    367 6AB1
12.02.2024 09:25:53  *01n 20 100TL 4  491.2  0.70   346  227.1  0.28    62  228.2  0.93  229.1  0.91  229.7  0.92   408   395 1.000  34.4    370 A6D1
12.02.2024 09:26:13  *01n 20 100TL 4  497.7  0.56   279  227.2  0.21    48  228.2  0.97  229.2  0.97  229.6  0.98   328   387 1.000  34.4    372 643D
12.02.2024 09:26:33  *01n 20 100TL 4  501.3  0.72   364  227.1  0.28    64  228.1  0.96  229.1  0.92  229.4  0.94   428   378 1.000  34.5    374 8B03
12.02.2024 09:26:53  *01n 20 100TL 4  500.9  0.59   296  227.2  0.20    47  228.3  0.97  229.2  0.97  229.6  0.96   343   372 1.000  34.5    376 2AFE
12.02.2024 09:27:13  *01n 20 100TL 4  504.0  0.56   288  227.2  0.20    47  228.2  0.96  229.1  0.93  229.4  0.93   335   363 1.000  34.5    378 164D
12.02.2024 09:27:33  *01n 20 100TL 4  503.8  0.57   294  227.2  0.23    51  228.4  0.89  228.9  0.88  229.7  0.89   346   355 1.000  34.5    380 2D87
12.02.2024 09:27:53  *01n 20 100TL 4  513.6  0.57   299  227.2  0.22    50  228.2  0.95  229.3  0.95  229.5  0.94   349   349 1.000  34.5    382 50D2
12.02.2024 09:28:14  *01n 20 100TL 4  503.4  0.68   343  227.2  0.24    54  228.1  1.00  229.4  0.98  229.4  0.97   398   350 1.000  34.5    384 B6F7
12.02.2024 09:28:34  *01n 20 100TL 4  503.1  0.54   273  227.2  0.18    42  228.1  0.91  229.4  0.89  229.3  0.87   315   346 1.000  34.5    386 613B
12.02.2024 09:28:54  *01n 20 100TL 4  502.7  0.53   270  227.2  0.19    42  227.9  0.97  229.3  0.94  229.3  0.97   312   347 1.000  34.5    388 AC5E
12.02.2024 09:29:14  *01n 20 100TL 4  511.1  0.59   303  227.2  0.21    47  228.0  0.93  229.4  0.93  229.6  0.91   350   343 1.000  34.5    390 EC21
12.02.2024 09:29:34  *01n 20 100TL 4  503.5  0.60   302  227.2  0.23    51  228.4  0.94  228.7  0.93  229.6  0.95   354   346 1.000  34.5    392 D737
12.02.2024 09:29:54  *01n 20 100TL 4  500.8  0.65   329  227.1  0.26    59  228.0  0.93  229.2  0.92  229.5  0.92   389   349 1.000  34.5    394 380B
12.02.2024 09:30:14  *01n 20 100TL 4  500.5  0.59   299  227.2  0.22    50  227.9  0.91  229.2  0.90  229.6  0.91   349   347 1.000  34.6    396 1A37
12.02.2024 09:30:34  *01n 20 100TL 4  510.6  0.55   280  227.2  0.21    48  228.0  0.97  229.3  0.97  229.5  0.99   329   350 1.000  34.6    398 6B4F
12.02.2024 09:30:54  *01n 20 100TL 4  510.2  0.65   335  227.1  0.24    53  228.0  0.97  229.3  0.96  229.5  0.97   389   352 1.000  34.6    400 2244
12.02.2024 09:31:14  *01n 20 100TL 4  502.0  0.67   340  227.3  0.26    61  228.0  0.91  229.1  0.91  229.3  0.90   401   354 1.000  34.6    402 B29B
12.02.2024 09:31:34  *01n 20 100TL 4  505.8  0.48   247  227.2  0.18    42  227.9  0.92  229.1  0.90  229.4  0.90   289   354 1.000  34.6    403 0B70
12.02.2024 09:31:54  *01n 20 100TL 4  505.5  0.62   317  227.2  0.23    50  227.7  0.89  228.9  0.85  229.4  0.87   367   361 1.000  34.6    405 143E
12.02.2024 09:32:14  *01n 20 100TL 4  505.2  0.56   283  227.4  0.21    47  228.0  0.97  228.9  0.96  229.5  0.98   331   364 1.000  34.6    407 F6D0
12.02.2024 09:32:34  *01n 20 100TL 4  504.9  0.66   332  227.2  0.26    59  227.9  0.96  228.9  0.94  229.1  0.93   392   366 1.000  34.7    410 A14B
12.02.2024 09:32:54  *01n 20 100TL 4  504.7  0.69   354  227.2  0.25    57  228.2  0.94  228.4  0.95  229.5  0.95   411   366 1.000  34.7    412 3B8D
12.02.2024 09:33:14  *01n 20 100TL 4  504.4  0.65   328  227.3  0.25    56  228.0  0.92  229.1  0.90  229.2  0.91   384   364 1.000  34.7    414 6F99
12.02.2024 09:33:34  *01n 20 100TL 4  504.0  0.63   323  227.1  0.24    53  227.9  0.87  229.1  0.89  229.2  0.89   376   363 1.000  34.7    416 5AC1
12.02.2024 09:33:54  *01n 20 100TL 4  503.5  0.62   315  227.2  0.22    50  228.2  0.90  229.1  0.91  229.3  0.91   366   360 1.000  34.7    418 F488
12.02.2024 09:34:14  *01n 20 100TL 4  503.1  0.65   326  227.3  0.25    56  228.1  0.99  229.1  0.97  229.5  1.00   383   355 1.000  34.7    420 A75F
12.02.2024 09:34:34  *01n 20 100TL 4  502.8  0.49   250  227.1  0.18    39  228.2  0.99  229.5  0.96  229.5  0.97   289   347 0.999i  34.7    422 13B3
12.02.2024 09:34:55  *01n 20 100TL 4  503.8  0.65   328  227.0  0.24    51  228.6  0.91  229.0  0.91  229.8  0.91   379   340 1.000  34.7    424 D089
12.02.2024 09:35:15  *01n 20 100TL 4  493.6  0.50   250  227.1  0.19    44  228.3  0.96  229.4  0.93  229.7  0.95   294   338 1.000  34.7    425 63DE
12.02.2024 09:35:35  *01n 20 100TL 4  493.5  0.51   253  227.0  0.18    39  228.2  0.90  229.4  0.90  229.6  0.90   292   334 1.000  34.7    427 51A1
12.02.2024 09:35:55  *01n 20 100TL 4  507.7  0.61   314  227.1  0.21    47  227.9  0.93  229.2  0.92  229.4  0.92   361   331 1.000  34.7    429 64BD
12.02.2024 09:36:15  *01n 20 100TL 4  487.6  0.65   317  227.2  0.25    56  228.4  0.93  228.1  0.93  230.1  0.94   373   332 1.000  34.7    431 5C60
12.02.2024 09:36:35  *01n 20 100TL 4  487.2  0.57   282  227.3  0.21    45  228.0  0.96  228.2  0.94  229.9  0.95   328   334 1.000  34.7    433 7254
12.02.2024 09:36:55  *01n 20 100TL 4  496.6  0.54   271  227.2  0.19    42  228.0  0.96  228.6  0.94  229.7  0.93   314   340 1.000  34.8    435 8348
12.02.2024 09:37:15  *01n 20 100TL 4  496.3  0.54   271  227.3  0.19    44  228.1  0.96  228.5  0.95  229.6  0.97   315   346 1.000  34.8    437 7BB2
12.02.2024 09:37:35  *01n 20 100TL 4  506.2  0.63   323  227.4  0.27    62  228.2  0.94  228.2  0.94  229.7  0.91   386   350 1.000  34.8    439 E6D3
12.02.2024 09:37:55  *01n 20 100TL 4  505.8  0.70   358  227.2  0.17    38  227.9  0.92  228.7  0.94  229.7  0.93   396   360 1.000  34.8    441 785F
12.02.2024 09:38:15  *01n 20 100TL 4  505.3  0.57   288  227.2  0.23    53  228.0  0.98  227.9  0.98  229.8  0.98   341   369 1.000  34.8    443 8994
12.02.2024 09:38:35  *01n 20 100TL 4  495.5  0.70   350  227.3  0.19    42  228.0  0.97  228.1  0.96  229.8  0.98   393   378 1.000  34.8    445 F9E0
12.02.2024 09:38:55  *01n 20 100TL 4  494.8  0.71   354  227.1  0.28    64  227.8  0.96  228.6  0.92  229.5  0.94   418   383 1.000  34.8    447 935C
12.02.2024 09:39:15  *01n 20 100TL 4  494.8  0.75   375  227.2  0.28    62  228.0  1.03  228.6  1.01  229.4  1.02   437   393 1.000  34.8    449 C114
12.02.2024 09:39:35  *01n 20 100TL 4  494.5  0.76   379  227.1  0.32    70  228.1  1.00  228.9  0.96  229.2  0.98   450   401 0.999c  34.8    451 0FA4
12.02.2024 09:39:55  *01n 20 100TL 4  503.8  0.77   392  227.0  0.28    65  228.0  1.00  229.2  1.01  229.6  1.00   457   410 1.000  34.9    453 8AE5
12.02.2024 09:40:15  *01n 20 100TL 4  503.8  0.78   395  227.2  0.32    70  228.1  1.03  228.7  1.04  229.7  1.02   465   416 0.999c  34.9    456 05AC
12.02.2024 09:40:35  *01n 20 100TL 4  488.8  0.68   335  227.2  0.25    54  227.7  1.03  229.4  1.02  229.6  1.01   390   413 1.000  34.9    458 15A5
12.02.2024 09:40:55  *01n 20 100TL 4  498.4  0.79   399  227.2  0.32    74  227.9  1.06  229.2  1.03  229.5  1.03   474   425 1.000  34.9    460 596F
12.02.2024 09:41:15  *01n 20 100TL 4  508.3  0.79   402  227.5  0.30    70  227.9  0.99  229.0  0.95  229.3  0.95   473   430 1.000  34.9    463 A61C
12.02.2024 09:41:36  *01n 20 100TL 4  497.9  0.83   416  227.3  0.35    79  228.0  1.06  229.2  1.04  229.1  1.04   495   434 1.000  34.9    465 3744
12.02.2024 09:41:56  *01n 20 100TL 4  497.5  0.80   402  227.2  0.30    68  228.0  0.99  229.2  0.98  229.5  0.98   471   433 1.000  34.9    468 2727
12.02.2024 09:42:16  *01n 20 100TL 4  497.2  0.70   350  227.3  0.28    62  228.2  1.04  229.3  1.03  229.6  1.01   413   440 1.000  34.9    470 7505
12.02.2024 09:42:36  *01n 20 100TL 4  497.4  0.76   381  227.3  0.29    67  228.0  1.05  229.2  1.03  229.4  0.99   448   445 1.000  34.9    473 1CCA
12.02.2024 09:42:56  *01n 20 100TL 4  497.1  0.83   416  227.2  0.35    79  228.0  1.01  229.3  0.98  229.6  0.98   495   445 1.000  34.9    475 08EB
12.02.2024 09:43:16  *01n 20 100TL 4  506.9  0.83   424  227.2  0.35    79  228.0  1.07  229.0  1.07  229.4  1.06   503   456 1.000  34.9    477 0993
12.02.2024 09:43:36  *01n 20 100TL 4  516.3  0.81   419  227.0  0.37    82  227.8  0.97  229.1  0.95  229.4  0.96   502   454 1.000  34.9    480 1317
12.02.2024 09:43:56  *01n 20 100TL 4  505.8  0.86   437  227.2  0.32    73  228.1  1.10  228.7  1.07  229.8  1.07   511   465 1.000  35.0    483 1082
12.02.2024 09:44:16  *01n 20 100TL 4  515.6  0.72   373  227.2  0.31    70  227.8  1.05  229.0  1.06  229.3  1.05   444   465 1.000  35.0    485 C4F4
12.02.2024 09:44:36  *01n 20 100TL 4  505.5  0.75   384  227.3  0.30    67  227.9  1.08  229.3  1.07  229.7  1.08   451   473 1.000  35.0    488 DF56
12.02.2024 09:44:56  *01n 20 100TL 4  519.0  0.75   393  227.2  0.31    70  228.0  1.00  229.3  0.98  229.6  0.98   463   469 1.000  35.0    490 6D1F
12.02.2024 09:45:16  *01n 20 100TL 4  511.8  0.79   408  227.3  0.32    73  227.9  1.02  229.2  0.99  229.5  1.01   482   476 1.000  35.0    493 4301
12.02.2024 09:45:36  *01n 20 100TL 4  511.5  0.84   431  227.2  0.36    80  228.0  1.01  229.3  0.97  229.4  1.01   512   477 1.000  35.0    496 40F9
12.02.2024 09:45:56  *01n 20 100TL 4  507.4  0.77   393  227.2  0.31    70  227.7  1.06  229.2  1.03  229.4  1.03   463   482 1.000  35.0    498 31F7
12.02.2024 09:46:16  *01n 20 100TL 4  516.8  0.75   389  227.2  0.33    76  228.2  1.11  229.3  1.10  229.4  1.09   465   482 1.000  35.0    501 5F30
12.02.2024 09:46:36  *01n 20 100TL 4  506.7  0.77   395  227.3  0.32    73  228.3  1.05  229.3  1.04  229.0  1.05   468   489 1.000  35.0    504 16F9
12.02.2024 09:46:56  *01n 20 100TL 4  516.3  0.75   387  227.2  0.32    73  228.4  1.12  229.4  1.09  229.5  1.09   460   488 1.000  35.0    506 00A4
12.02.2024 09:47:16  *01n 20 100TL 4  518.2  0.80   416  227.2  0.36    80  228.9  1.05  228.8  1.00  229.5  1.02   497   483 1.000  35.0    509 890C
12.02.2024 09:47:36  *01n 20 100TL 4  508.1  0.88   450  227.1  0.35    79  228.7  1.01  229.2  1.00  229.1  1.00   529   491 1.000  35.0    512 0797
12.02.2024 09:47:56  *01n 20 100TL 4  507.7  0.80   405  227.2  0.33    76  228.4  0.98  229.1  0.98  229.7  0.98   482   488 1.000  35.0    515 FF81
12.02.2024 09:48:16  *01n 20 100TL 4  507.7  0.91   466  227.2  0.36    80  228.4  1.05  229.2  1.03  229.4  1.02   547   489 1.000  35.1    517 ACBA
12.02.2024 09:48:37  *01n 20 100TL 4  507.2  0.79   407  227.1  0.34    79  228.2  1.09  229.4  1.06  229.7  1.07   486   494 1.000  35.1    520 07B0
12.02.2024 09:48:57  *01n 20 100TL 4  517.1  0.73   383  227.2  0.30    67  228.2  1.04  228.7  1.04  229.4  1.04   450   489 1.000  35.1    523 2BFE
12.02.2024 09:49:17  *01n 20 100TL 4  506.7  0.88   450  227.2  0.38    86  228.2  1.01  229.5  1.00  229.7  1.00   537   492 1.000  35.1    526 FD5A
12.02.2024 09:49:37  *01n 20 100TL 4  505.2  0.89   451  227.0  0.35    79  228.2  1.01  229.3  1.00  229.5  1.01   531   491 1.000  35.1    528 686B
12.02.2024 09:49:57  *01n 20 100TL 4  505.0  0.89   453  227.1  0.39    86  228.3  1.01  229.6  0.99  229.9  0.98   540   489 1.000  35.1    531 6C40
12.02.2024 09:50:17  *01n 20 100TL 4  514.8  0.79   410  227.2  0.31    70  228.3  1.11  229.6  1.09  229.7  1.11   480   488 1.000  35.1    534 9962
12.02.2024 09:50:37  *01n 20 100TL 4  504.7  0.86   434  227.2  0.37    85  228.2  1.09  229.3  1.07  229.6  1.08   520   486 1.000  35.1    536 FBED
12.02.2024 09:50:57  *01n 20 100TL 4  506.6  0.77   390  227.3  0.30    68  228.1  1.11  229.3  1.10  229.5  1.09   459   485 1.000  35.1    539 244C
12.02.2024 09:51:17  *01n 20 100TL 4  504.1  0.78   396  227.1  0.32    73  228.3  1.12  229.3  1.11  229.5  1.10   469   480 0.999i  35.1    542 E071
12.02.2024 09:51:37  *01n 20 100TL 4  510.1  0.86   444  227.2  0.36    82  228.1  1.09  229.3  1.08  229.7  1.07   526   477 1.000  35.1    544 A321
12.02.2024 09:51:57  *01n 20 100TL 4  509.7  0.85   436  227.2  0.34    77  227.9  1.03  229.2  1.02  229.5  1.02   514   473 0.999c  35.1    547 C8A2
12.02.2024 09:52:17  *01n 20 100TL 4  509.5  0.74   379  227.2  0.31    70  227.9  1.09  229.1  1.10  229.6  1.06   450   474 1.000  35.2    550 6679
12.02.2024 09:52:37  *01n 20 100TL 4  509.2  0.73   375  227.2  0.32    70  227.9  1.08  229.2  1.08  229.4  1.07   445   471 1.000  35.2    552 69D7
12.02.2024 09:52:57  *01n 20 100TL 4  509.1  0.79   405  227.2  0.34    76  228.0  1.03  229.3  1.02  229.6  1.01   482   468 1.000  35.2    555 695A
12.02.2024 09:53:17  *01n 20 100TL 4  508.8  0.70   357  227.2  0.28    65  228.0  1.08  229.3  1.08  229.3  1.09   422   473 1.000  35.2    558 2821
12.02.2024 09:53:37  *01n 20 100TL 4  498.4  0.81   405  227.2  0.33    76  229.2  1.10  228.7  1.08  228.5  1.07   482   468 1.000  35.2    560 7842
12.02.2024 09:53:57  *01n 20 100TL 4  507.8  0.81   411  227.2  0.31    71  227.9  1.09  229.4  1.07  229.5  1.05   483   473 1.000  35.2    563 4C43
12.02.2024 09:54:17  *01n 20 100TL 4  498.3  0.71   357  227.3  0.31    70  227.8  1.00  229.1  0.97  229.7  0.97   427   468 0.999c  35.2    566 1963
12.02.2024 09:54:37  *01n 20 100TL 4  507.3  0.87   445  227.1  0.34    77  227.8  1.04  229.2  1.01  229.5  1.00   523   469 1.000  35.2    568 318B
12.02.2024 09:54:58  *01n 20 100TL 4  508.0  0.80   407  227.4  0.34    79  227.7  0.98  229.1  0.96  229.4  0.95   486   469 1.000  35.2    571 89BF
12.02.2024 09:55:18  *01n 20 100TL 4  506.6  0.86   439  227.1  0.34    76  227.6  1.02  229.3  1.01  229.6  1.00   515   469 1.000  35.2    573 D63C
12.02.2024 09:55:38  *01n 20 100TL 4  506.5  0.80   405  227.2  0.33    76  228.3  1.10  228.6  1.07  228.8  1.06   482   476 1.000  35.2    576 7F6E
12.02.2024 09:55:58  *01n 20 100TL 4  516.5  0.72   378  227.2  0.28    64  228.0  1.07  229.2  1.06  229.7  1.06   442   471 1.000  35.2    579 CA0F
12.02.2024 09:56:18  *01n 20 100TL 4  511.4  0.74   383  227.1  0.33    76  227.8  1.01  228.8  1.01  229.8  1.01   459   474 1.000  35.2    581 B81D
12.02.2024 09:56:38  *01n 20 100TL 4  501.2  0.85   430  227.2  0.33    76  228.0  1.05  228.4  1.02  229.5  1.01   506   476 1.000  35.2    584 D53C
12.02.2024 09:56:58  *01n 20 100TL 4  510.9  0.74   378  227.2  0.32    73  227.5  1.13  229.1  1.10  229.4  1.10   451   482 1.000  35.2    587 37B4
12.02.2024 09:57:18  *01n 20 100TL 4  510.7  0.73   373  227.2  0.29    67  227.8  1.05  228.9  1.04  229.3  1.01   440   483 1.000  35.2    589 8ADD
12.02.2024 09:57:38  *01n 20 100TL 4  510.4  0.71   364  227.2  0.31    71  227.3  1.06  228.9  1.02  229.3  1.03   436   485 1.000  35.2    592 B7FA
12.02.2024 09:57:58  *01n 20 100TL 4  509.9  0.79   401  227.2  0.30    68  227.3  0.97  228.4  0.97  228.9  0.93   469   485 1.000  35.2    595 65BC
12.02.2024 09:58:18  *01n 20 100TL 4  509.8  0.87   448  227.2  0.38    86  227.6  1.10  228.7  1.11  229.0  1.07   535   488 1.000  35.3    597 AD69
12.02.2024 09:58:38  *01n 20 100TL 4  499.5  0.77   383  227.2  0.32    74  227.4  1.12  228.6  1.10  229.1  1.09   457   483 1.000  35.3    600 CC96
12.02.2024 09:58:58  *01n 20 100TL 4  509.2  0.87   447  227.2  0.34    77  227.6  1.12  228.7  1.10  229.4  1.09   524   479 1.000  35.3    603 E2DD
12.02.2024 09:59:18  *01n 20 100TL 4  508.9  0.87   445  227.2  0.37    85  227.5  1.04  228.9  1.04  229.4  1.02   531   469 1.000  35.3    606 6299
12.02.2024 09:59:38  *01n 20 100TL 4  508.6  0.69   355  227.2  0.27    62  227.6  1.09  228.8  1.06  229.2  1.08   418   462 1.000  35.3    608 6A9B
12.02.2024 09:59:58  *01n 20 100TL 4  508.4  0.72   369  227.2  0.30    67  227.7  1.07  229.0  1.07  229.2  1.06   436   453 1.000  35.3    611 A840
12.02.2024 10:00:18  *01n 20 100TL 4  498.7  0.76   383  227.1  0.28    64  227.5  1.06  228.7  1.06  229.1  1.05   447   439 1.000  35.3    613 7720
12.02.2024 10:00:38  *01n 20 100TL 4  498.1  0.70   354  227.3  0.28    64  227.6  1.03  228.4  1.01  229.4  0.98   418   428 1.000  35.3    616 82A1
12.02.2024 10:00:58  *01n 20 100TL 4  489.5  0.67   329  226.7  0.24    54  227.5  1.04  228.5  1.03  229.1  1.02   384   413 1.000  35.3    618 C0AE
12.02.2024 10:01:19  *01n 20 100TL 4  488.3  0.79   387  227.2  0.31    70  227.0  0.92  228.5  0.90  228.8  0.92   457   402 1.000  35.3    620 634D
12.02.2024 10:01:39  *01n 20 100TL 4  507.3  0.58   299  227.3  0.21    47  227.2  0.95  228.4  0.95  228.7  0.94   346   393 1.000  35.3    622 8437
12.02.2024 10:01:59  *01n 20 100TL 4  497.3  0.62   311  227.3  0.23    51  227.2  0.90  228.5  0.89  228.8  0.90   363   387 1.000  35.4    625 F41E
12.02.2024 10:02:19  *01n 20 100TL 4  497.2  0.56   282  226.9  0.20    47  227.2  0.92  228.7  0.90  228.9  0.90   329   378 1.000  35.3    627 C9A7
12.02.2024 10:02:39  *01n 20 100TL 4  506.9  0.67   341  227.2  0.26    59  227.5  0.98  228.9  0.96  229.2  0.92   401   373 1.000  35.4    629 9181
12.02.2024 10:02:59  *01n 20 100TL 4  496.0  0.71   352  227.2  0.26    59  228.2  1.04  228.4  1.01  229.1  0.99   411   373 1.000  35.4    631 ADEB
12.02.2024 10:03:19  *01n 20 100TL 4  496.8  0.61   303  227.2  0.21    47  227.8  0.93  229.1  0.93  229.5  0.94   350   372 1.000  35.4    633 C068
12.02.2024 10:03:39  *01n 20 100TL 4  506.0  0.63   321  227.2  0.24    56  227.8  0.99  228.7  0.97  229.0  0.95   378   378 1.000  35.4    635 4653
12.02.2024 10:03:59  *01n 20 100TL 4  505.8  0.69   350  227.2  0.24    53  227.5  0.91  228.7  0.93  229.0  0.92   404   378 1.000  35.4    637 8473
12.02.2024 10:04:19  *01n 20 100TL 4  505.5  0.55   280  227.1  0.22    50  227.5  0.96  228.8  0.92  228.8  0.93   331   384 1.000  35.4    639 AA0D
12.02.2024 10:04:39  *01n 20 100TL 4  505.5  0.73   370  227.2  0.26    59  227.5  0.94  228.9  0.94  229.3  0.93   430   392 0.999c  35.4    641 7B0A
12.02.2024 10:04:59  *01n 20 100TL 4  495.3  0.76   379  227.2  0.29    65  227.8  0.92  229.1  0.92  229.7  0.92   445   399 1.000  35.4    644 305B
12.02.2024 10:05:19  *01n 20 100TL 4  494.7  0.62   306  227.3  0.22    51  228.0  0.98  229.0  0.96  229.4  0.94   358   408 0.999c  35.4    646 4F0C
12.02.2024 10:05:39  *01n 20 100TL 4  504.9  0.68   343  227.1  0.29    65  228.4  1.05  228.5  1.03  229.5  1.02   408   430 1.000  35.4    648 BF97
12.02.2024 10:05:59  *01n 20 100TL 4  504.4  0.77   393  227.3  0.30    67  228.0  0.99  228.9  0.97  229.4  0.96   460   439 1.000  35.4    651 0A34
12.02.2024 10:06:19  *01n 20 100TL 4  494.0  0.88   436  227.2  0.36    83  227.8  1.08  228.9  1.04  229.6  1.04   520   454 1.000  35.4    653 80BF
12.02.2024 10:06:39  *01n 20 100TL 4  513.8  0.74   383  227.2  0.30    68  228.0  1.00  229.1  0.99  229.7  0.99   451   469 1.000  35.4    656 583C
12.02.2024 10:06:59  *01n 20 100TL 4  513.4  0.78   404  227.2  0.31    71  228.0  1.15  228.4  1.12  229.8  1.10   476   483 1.000  35.4    658 9B7D
12.02.2024 10:07:19  *01n 20 100TL 4  513.2  0.70   360  227.2  0.29    65  228.1  1.15  229.2  1.13  229.8  1.12   425   494 1.000  35.5    661 D751
12.02.2024 10:07:40  *01n 20 100TL 4  502.9  0.90   459  227.2  0.36    83  228.3  1.03  229.2  1.02  230.0  1.02   543   502 1.000  35.5    664 B88A
12.02.2024 10:08:00  *01n 20 100TL 4  502.5  0.76   386  227.1  0.33    74  228.5  1.04  229.3  1.02  230.1  1.04   460   505 1.000  35.5    667 8935
12.02.2024 10:08:20  *01n 20 100TL 4  502.3  0.83   418  227.1  0.32    71  228.6  1.03  229.6  1.00  230.0  1.01   489   508 1.000  35.5    669 15E6
12.02.2024 10:08:40  *01n 20 100TL 4  512.2  0.81   419  227.2  0.36    80  228.5  1.15  229.5  1.13  230.1  1.13   500   515 1.000  35.5    672 3469
12.02.2024 10:09:00  *01n 20 100TL 4  501.8  0.95   479  227.2  0.37    83  229.0  1.08  228.8  1.05  229.6  1.03   563   514 1.000  35.5    675 B239
12.02.2024 10:09:20  *01n 20 100TL 4  511.6  0.96   492  227.2  0.41    93  228.7  1.07  228.7  1.06  229.4  1.06   585   526 1.000  35.5    678 8F20
12.02.2024 10:09:40  *01n 20 100TL 4  511.0  0.87   447  227.2  0.36    80  228.3  1.16  229.3  1.12  229.8  1.13   527   537 1.000  35.5    681 C196
12.02.2024 10:10:00  *01n 20 100TL 4  509.3  1.00   509  227.2  0.39    90  228.3  1.15  229.4  1.13  229.8  1.11   599   541 1.000  35.5    684 F544
12.02.2024 10:10:20  *01n 20 100TL 4  501.8  0.99   500  227.1  0.43    97  228.0  1.13  228.9  1.12  229.5  1.10   598   543 1.000  35.5    687 9BE3
12.02.2024 10:10:40  *01n 20 100TL 4  501.4  0.84   422  227.0  0.33    76  228.0  1.11  229.2  1.09  229.6  1.10   498   546 1.000  35.5    690 19D4
12.02.2024 10:11:00  *01n 20 100TL 4  512.1  0.87   445  226.8  0.39    88  228.3  1.05  229.1  1.04  229.6  1.04   534   555 1.000  35.5    693 1FD2
12.02.2024 10:11:20  *01n 20 100TL 4  501.1  0.93   466  226.9  0.37    85  228.4  1.21  229.3  1.18  229.9  1.17   552   560 1.000  35.5    696 2F2C
12.02.2024 10:11:40  *01n 20 100TL 4  510.9  0.91   465  227.2  0.41    91  228.4  1.14  229.2  1.12  229.8  1.10   556   572 1.000  35.5    699 A094
12.02.2024 10:12:00  *01n 20 100TL 4  510.6  1.00   514  227.2  0.40    91  228.3  1.17  229.2  1.15  230.0  1.15   605   581 1.000  35.5    703 953A
12.02.2024 10:12:20  *01n 20 100TL 4  504.1  0.90   456  227.2  0.39    88  228.2  1.22  229.2  1.21  229.8  1.18   544   590 1.000  35.5    706 ED3F
12.02.2024 10:12:40  *01n 20 100TL 4  513.9  0.90   466  227.2  0.39    90  228.4  1.25  229.4  1.20  230.2  1.22   556   610 1.000  35.5    709 7CE1
12.02.2024 10:13:00  *01n 20 100TL 4  513.6  1.09   561  227.2  0.49   111  228.6  1.22  229.6  1.22  230.2  1.21   672   625 1.000  35.5    713 E9FD
12.02.2024 10:13:20  *01n 20 100TL 4  523.5  1.05   550  227.3  0.48   109  228.2  1.27  229.3  1.24  229.8  1.24   660   631 1.000  35.6    716 9484
12.02.2024 10:13:40  *01n 20 100TL 4  513.0  1.07   550  227.2  0.46   103  228.3  1.30  229.3  1.28  230.0  1.26   654   656 1.000  35.5    720 2929
12.02.2024 10:14:01  *01n 20 100TL 4  512.7  1.08   558  227.2  0.49   109  228.5  1.27  229.4  1.26  230.3  1.26   668   668 1.000  35.6    723 1ECC
12.02.2024 10:14:21  *01n 20 100TL 4  512.5  1.09   560  227.2  0.47   106  228.8  1.23  229.8  1.22  230.5  1.21   666   679 1.000  35.6    727 2313
12.02.2024 10:14:41  *01n 20 100TL 4  513.0  1.22   625  227.2  0.57   128  228.8  1.30  229.6  1.30  230.4  1.29   753   692 1.000  35.6    731 F973
12.02.2024 10:15:01  *01n 20 100TL 4  512.8  1.20   619  227.2  0.52   115  228.5  1.28  229.6  1.25  230.1  1.23   735   697 1.000  35.6    735 4D0C
12.02.2024 10:15:21  *01n 20 100TL 4  512.7  1.12   576  227.1  0.53   120  228.5  1.31  229.1  1.31  230.2  1.27   697   703 1.000  35.6    739 1262
12.02.2024 10:15:41  *01n 20 100TL 4  510.7  1.11   567  227.2  0.47   108  228.6  1.28  229.5  1.26  230.2  1.25   675   703 1.000  35.6    743 30F5
12.02.2024 10:16:01  *01n 20 100TL 4  510.5  1.09   560  227.2  0.51   115  228.6  1.24  229.6  1.23  230.4  1.22   675   703 1.000  35.6    747 7CAA
12.02.2024 10:16:21  *01n 20 100TL 4  511.2  1.14   587  227.2  0.50   112  228.4  1.32  229.3  1.31  230.2  1.30   700   709 1.000  35.6    751 D242
12.02.2024 10:16:41  *01n 20 100TL 4  518.2  1.13   590  227.2  0.49   112  228.3  1.35  229.2  1.34  230.1  1.32   703   709 1.000  35.6    754 6333
12.02.2024 10:17:01  *01n 20 100TL 4  518.8  1.22   637  227.2  0.58   132  228.4  1.37  229.3  1.36  230.2  1.33   770   712 1.000  35.6    758 29C0
12.02.2024 10:17:21  *01n 20 100TL 4  508.9  1.14   584  227.2  0.48   109  228.6  1.27  229.5  1.26  230.2  1.25   694   712 1.000  35.6    762 8E67
12.02.2024 10:17:41  *01n 20 100TL 4  510.7  1.16   598  227.2  0.55   125  228.4  1.39  229.5  1.36  230.1  1.33   723   726 1.000  35.6    766 9925
12.02.2024 10:18:01  *01n 20 100TL 4  510.0  1.17   598  227.2  0.50   114  228.5  1.37  229.5  1.39  230.1  1.34   712   735 1.000  35.6    770 3D4A
12.02.2024 10:18:21  *01n 20 100TL 4  518.9  1.15   601  227.2  0.55   123  228.5  1.30  229.3  1.30  230.1  1.28   724   744 1.000  35.6    775 6951
12.02.2024 10:18:41  *01n 20 100TL 4  509.1  1.19   611  227.2  0.52   117  228.5  1.37  229.5  1.38  230.3  1.37   729   758 1.000  35.7    779 5E91
12.02.2024 10:19:01  *01n 20 100TL 4  524.0  1.27   668  227.2  0.57   129  228.5  1.32  229.7  1.30  230.2  1.27   798   767 1.000  35.7    783 F486
12.02.2024 10:19:21  *01n 20 100TL 4  513.8  1.22   631  227.2  0.57   129  228.4  1.35  229.5  1.32  230.2  1.31   761   781 1.000  35.7    787 BEFD
12.02.2024 10:19:41  *01n 20 100TL 4  510.8  1.23   630  227.1  0.54   123  229.3  1.42  229.0  1.39  230.8  1.37   753   790 1.000  35.7    792 B038
12.02.2024 10:20:01  *01n 20 100TL 4  509.6  1.30   665  227.2  0.61   140  228.7  1.40  229.7  1.37  230.4  1.33   805   787 1.000  35.7    796 9864
12.02.2024 10:20:21  *01n 20 100TL 4  516.0  1.31   679  227.3  0.57   129  228.9  1.44  229.7  1.41  230.5  1.40   808   798 1.000  35.7    800 BB9B
12.02.2024 10:20:42  *01n 20 100TL 4  519.2  1.20   622  227.2  0.57   129  228.7  1.45  229.7  1.42  230.4  1.42   752   802 1.000  35.7    805 7BEE
12.02.2024 10:21:02  *01n 20 100TL 4  508.2  1.35   686  227.2  0.60   137  228.9  1.48  229.8  1.46  230.4  1.45   823   810 1.000  35.7    810 E712
12.02.2024 10:21:22  *01n 20 100TL 4  522.0  1.28   671  227.4  0.63   141  228.6  1.48  229.7  1.47  230.4  1.45   813   827 1.000  35.7    814 1B8C
12.02.2024 10:21:42  *01n 20 100TL 4  521.7  1.39   727  227.3  0.62   141  228.5  1.50  229.6  1.48  230.4  1.46   869   837 1.000  35.7    819 1738
12.02.2024 10:22:02  *01n 20 100TL 4  521.5  1.44   755  227.2  0.66   149  228.7  1.41  229.7  1.40  230.3  1.37   904   837 1.000  35.7    823 9A6E
12.02.2024 10:22:22  *01n 20 100TL 4  521.2  1.44   750  227.2  0.70   160  228.6  1.50  229.5  1.49  230.2  1.47   910   845 1.000  35.7    828 F645
12.02.2024 10:22:42  *01n 20 100TL 4  520.9  1.40   733  227.2  0.66   149  228.8  1.44  229.5  1.44  230.2  1.41   883   846 1.000  35.7    833 368F
12.02.2024 10:23:02  *01n 20 100TL 4  520.8  1.35   703  227.5  0.64   143  229.2  1.44  229.0  1.42  230.4  1.39   846   846 1.000  35.7    837 1FA3
12.02.2024 10:23:22  *01n 20 100TL 4  520.6  1.43   744  226.9  0.68   155  228.5  1.44  229.3  1.42  230.2  1.43   900   852 1.000  35.7    842 1FC6
12.02.2024 10:23:42  *01n 20 100TL 4  519.2  1.35   704  226.3  0.66   149  228.4  1.54  229.5  1.53  230.2  1.50   854   857 1.000  35.7    847 14FD
12.02.2024 10:24:02  *01n 20 100TL 4  521.0  1.31   685  227.9  0.60   137  228.9  1.46  229.7  1.43  230.5  1.42   822   854 1.000  35.7    851 45D5
12.02.2024 10:24:22  *01n 20 100TL 4  520.5  1.37   714  227.4  0.67   154  228.7  1.50  229.5  1.51  230.5  1.48   868   849 1.000  35.7    856 C131
12.02.2024 10:24:42  *01n 20 100TL 4  509.5  1.42   727  227.2  0.65   144  228.8  1.51  229.8  1.49  230.7  1.46   872   834 1.000  35.8    861 F443
12.02.2024 10:25:02  *01n 20 100TL 4  518.4  1.36   708  227.4  0.65   148  228.7  1.40  229.7  1.39  230.5  1.36   856   827 1.000  35.8    866 09BA
12.02.2024 10:25:22  *01n 20 100TL 4  518.1  1.33   692  227.2  0.61   138  228.5  1.39  229.7  1.37  230.4  1.34   831   814 1.000  35.8    870 F9B6
12.02.2024 10:25:42  *01n 20 100TL 4  519.0  1.26   659  227.1  0.59   135  228.9  1.50  229.9  1.47  230.6  1.46   794   805 1.000  35.8    875 0D4C
12.02.2024 10:26:02  *01n 20 100TL 4  513.1  1.33   688  227.3  0.64   143  228.8  1.33  230.1  1.31  230.7  1.29   831   791 1.000  35.8    879 2F24
12.02.2024 10:26:22  *01n 20 100TL 4  512.8  1.27   653  227.2  0.55   125  228.8  1.47  229.9  1.45  230.6  1.43   778   787 1.000  35.8    884 FC50
12.02.2024 10:26:43  *01n 20 100TL 4  512.7  1.19   610  227.3  0.57   128  228.7  1.43  229.7  1.41  230.5  1.40   738   778 1.000  35.8    888 DF06
12.02.2024 10:27:03  *01n 20 100TL 4  522.6  1.18   619  227.2  0.53   119  228.8  1.36  229.9  1.33  230.9  1.35   738   770 1.000  35.8    892 F7A9
12.02.2024 10:27:23  *01n 20 100TL 4  511.9  1.21   624  227.2  0.57   131  228.5  1.40  230.0  1.39  230.7  1.37   755   773 1.000  35.8    897 4B45
12.02.2024 10:27:43  *01n 20 100TL 4  522.1  1.27   665  227.2  0.56   128  228.6  1.39  229.9  1.40  230.8  1.37   793   773 1.000  35.8    901 7FF8
12.02.2024 10:28:03  *01n 20 100TL 4  511.6  1.28   656  227.2  0.56   128  228.8  1.40  229.9  1.38  230.6  1.35   784   773 1.000  35.8    905 829A
12.02.2024 10:28:23  *01n 20 100TL 4  511.0  1.18   607  227.2  0.55   125  228.6  1.33  229.8  1.30  230.5  1.28   732   776 1.000  35.8    909 3540
12.02.2024 10:28:43  *01n 20 100TL 4  520.8  1.26   660  227.2  0.55   126  228.7  1.42  229.8  1.40  230.5  1.40   787   790 1.000  35.8    914 1C64
12.02.2024 10:29:03  *01n 20 100TL 4  520.5  1.23   645  227.2  0.60   135  228.9  1.42  229.8  1.40  230.5  1.37   781   799 1.000  35.8    918 D3EF
12.02.2024 10:29:23  *01n 20 100TL 4  510.7  1.27   651  227.2  0.55   125  228.6  1.44  229.9  1.43  230.6  1.41   776   802 1.000  35.8    923 7B0F
12.02.2024 10:29:43  *01n 20 100TL 4  520.3  1.24   650  227.4  0.61   137  228.7  1.43  230.0  1.44  230.7  1.42   787   808 1.000  35.8    927 B64C
12.02.2024 10:30:03  *01n 20 100TL 4  520.5  1.25   651  227.2  0.55   125  228.7  1.48  230.1  1.47  230.6  1.44   776   810 1.000  35.8    932 F5ED
12.02.2024 10:30:23  *01n 20 100TL 4  515.0  1.35   698  227.3  0.60   137  229.3  1.48  229.5  1.47  230.9  1.46   836   813 1.000  35.8    936 ADCA
12.02.2024 10:30:43  *01n 20 100TL 4  514.8  1.27   656  227.0  0.58   131  228.9  1.47  230.2  1.47  231.0  1.44   787   810 1.000  35.9    941 8C18
12.02.2024 10:31:03  *01n 20 100TL 4  524.0  1.22   642  227.3  0.55   125  228.9  1.35  230.0  1.35  230.7  1.33   767   804 1.000  35.9    945 1FC7
12.02.2024 10:31:23  *01n 20 100TL 4  513.3  1.38   712  227.2  0.65   149  229.1  1.36  230.0  1.32  230.9  1.33   862   810 1.000  35.9    950 60D0
12.02.2024 10:31:43  *01n 20 100TL 4  523.4  1.27   668  227.5  0.57   131  229.2  1.42  230.2  1.43  230.9  1.41   799   808 1.000  35.9    954 7FC7
12.02.2024 10:32:03  *01n 20 100TL 4  515.0  1.42   735  227.1  0.67   152  229.3  1.47  230.2  1.45  231.0  1.44   888   825 1.000  35.9    959 0B18
12.02.2024 10:32:23  *01n 20 100TL 4  522.3  1.30   683  227.1  0.59   132  228.9  1.47  230.4  1.46  230.9  1.42   816   823 1.000  35.9    963 EFCE
12.02.2024 10:32:44  *01n 20 100TL 4  523.5  1.40   737  227.2  0.68   154  229.0  1.49  230.2  1.48  231.0  1.47   891   836 1.000  35.9    968 B034
12.02.2024 10:33:04  *01n 20 100TL 4  512.5  1.35   695  227.4  0.64   144  229.0  1.40  230.2  1.36  230.8  1.37   840   843 1.000  35.9    973 3788
12.02.2024 10:33:24  *01n 20 100TL 4  522.4  1.42   744  227.4  0.65   148  228.8  1.47  230.2  1.45  230.8  1.43   892   851 1.000  35.9    977 1E83
12.02.2024 10:33:44  *01n 20 100TL 4  522.2  1.34   703  227.0  0.65   148  229.0  1.57  230.2  1.55  230.8  1.53   851   865 1.000  35.9    982 0117
12.02.2024 10:34:04  *01n 20 100TL 4  521.9  1.47   772  226.8  0.70   158  229.5  1.41  229.8  1.40  230.8  1.39   930   868 1.000  35.9    987 DC60
12.02.2024 10:34:24  *01n 20 100TL 4  522.2  1.47   770  227.1  0.73   166  229.0  1.51  230.3  1.49  230.9  1.48   936   872 1.000  35.9    992 0E1D
12.02.2024 10:34:44  *01n 20 100TL 4  511.0  1.48   759  227.2  0.66   149  228.9  1.46  230.3  1.42  230.9  1.39   909   860 1.000  35.9    997 17D6
12.02.2024 10:35:04  *01n 20 100TL 4  513.8  1.41   729  227.4  0.66   149  228.9  1.49  229.9  1.45  230.7  1.44   878   851 1.000  35.9   1001 B80B
12.02.2024 10:35:24  *01n 20 100TL 4  517.8  1.42   740  227.6  0.69   157  229.0  1.50  230.5  1.49  230.9  1.46   897   842 1.000  35.9   1006 C2F5
12.02.2024 10:35:44  *01n 20 100TL 4  513.4  1.42   733  227.2  0.66   149  229.1  1.43  230.5  1.40  231.1  1.39   883   837 1.000  35.9   1011 56A9
12.02.2024 10:36:04  *01n 20 100TL 4  512.5  1.26   646  227.3  0.58   131  229.2  1.45  230.3  1.43  230.9  1.40   778   842 1.000  35.9   1016 A0D3
12.02.2024 10:36:24  *01n 20 100TL 4  518.2  1.41   732  226.7  0.66   149  229.0  1.41  230.5  1.38  231.0  1.37   881   852 1.000  36.0   1020 5B24
12.02.2024 10:36:44  *01n 20 100TL 4  522.8  1.32   692  226.1  0.64   144  229.6  1.52  230.1  1.52  231.1  1.51   837   857 1.000  36.0   1025 27C8
12.02.2024 10:37:04  *01n 20 100TL 4  522.2  1.46   766  227.4  0.67   151  229.9  1.56  229.8  1.53  230.6  1.51   917   871 1.000  36.0   1030 5492
12.02.2024 10:37:24  *01n 20 100TL 4  524.5  1.40   733  227.3  0.71   160  228.9  1.40  230.1  1.38  230.8  1.37   894   871 1.000  36.0   1035 FD7D
12.02.2024 10:37:44  *01n 20 100TL 4  524.1  1.47   770  227.6  0.70   158  229.0  1.53  230.2  1.51  230.9  1.50   929   878 1.000  36.0   1040 326B
12.02.2024 10:38:04  *01n 20 100TL 4  513.6  1.33   688  227.2  0.62   140  229.3  1.56  230.3  1.55  231.0  1.53   828   880 1.000  36.0   1045 8B1F
12.02.2024 10:38:24  *01n 20 100TL 4  523.6  1.35   708  227.5  0.65   149  229.3  1.55  230.3  1.55  231.0  1.53   857   875 1.000  36.0   1049 FDBA
12.02.2024 10:38:44  *01n 20 100TL 4  513.0  1.55   798  226.8  0.72   163  229.0  1.44  230.2  1.42  230.8  1.40   961   886 1.000  36.0   1054 206D
12.02.2024 10:39:05  *01n 20 100TL 4  523.4  1.42   747  227.2  0.69   155  229.9  1.56  229.8  1.56  230.4  1.55   903   915 1.000  36.0   1059 E884
12.02.2024 10:39:24  *01n 20 100TL 4  514.1  1.57   810  227.2  0.71   161  229.3  1.65  229.7  1.66  231.0  1.63   971   943 1.000  36.0   1064 ADC5
12.02.2024 10:39:45  *01n 20 100TL 4  513.3  1.65   848  227.6  0.81   186  229.1  1.64  229.9  1.64  230.6  1.60  1034   979 1.000  36.0   1070 F56A
12.02.2024 10:40:05  *01n 20 100TL 4  520.7  1.62   848  226.9  0.77   173  229.1  1.65  230.0  1.62  230.7  1.60  1022  1026 1.000  36.0   1075 F477
12.02.2024 10:40:25  *01n 20 100TL 4  523.7  1.80   944  227.4  0.90   204  229.2  1.79  230.2  1.78  231.0  1.75  1149  1072 1.000  36.0   1081 5EE0
12.02.2024 10:40:45  *01n 20 100TL 4  520.1  1.86   971  227.1  0.92   210  229.3  1.67  229.7  1.65  231.0  1.63  1182  1092 1.000  36.0   1087 DAA4
12.02.2024 10:41:05  *01n 20 100TL 4  512.6  1.81   929  227.4  0.86   196  229.6  1.79  229.7  1.77  230.4  1.75  1126  1100 1.000  36.0   1094 16CE
12.02.2024 10:41:25  *01n 20 100TL 4  522.2  1.79   935  227.5  0.87   198  227.2  1.90  230.9  1.88  231.2  1.85  1133  1126 1.000  36.0   1100 DB44
12.02.2024 10:41:45  *01n 20 100TL 4  526.5  1.82   962  227.8  0.86   196  227.4  1.91  230.9  1.88  231.4  1.87  1159  1135 1.000  36.0   1106 17A6
12.02.2024 10:42:05  *01n 20 100TL 4  515.3  1.78   917  225.1  0.86   195  227.3  1.85  231.0  1.84  231.5  1.82  1112  1136 1.000  36.0   1112 D9F0
12.02.2024 10:42:25  *01n 20 100TL 4  514.6  1.70   880  224.3  0.81   181  229.9  1.85  229.7  1.83  231.1  1.80  1062  1135 1.000  36.0   1118 8825
12.02.2024 10:42:45  *01n 20 100TL 4  524.9  1.79   939  226.4  0.88   199  229.3  1.85  230.1  1.84  231.0  1.83  1139  1141 1.000  36.0   1125 E2E6
12.02.2024 10:43:05  *01n 20 100TL 4  525.0  1.93  1016  226.8  0.93   210  229.6  1.83  230.7  1.83  231.5  1.80  1226  1155 1.000  36.1   1131 3D3B
12.02.2024 10:43:25  *01n 20 100TL 4  524.6  1.86   976  227.7  0.92   210  229.7  1.85  230.4  1.84  231.2  1.84  1187  1181 1.000  36.1   1138 6C4C
12.02.2024 10:43:45  *01n 20 100TL 4  514.1  2.06  1058  227.5  1.00   227  229.8  1.94  230.5  1.92  231.4  1.92  1286  1200 1.000  36.1   1144 1893
12.02.2024 10:44:05  *01n 20 100TL 4  523.3  1.86   976  227.4  0.89   201  229.5  1.92  230.7  1.92  231.5  1.87  1177  1210 1.000  36.1   1151 5A78
12.02.2024 10:44:25  *01n 20 100TL 4  513.6  1.81   933  226.9  0.92   209  229.6  1.92  230.6  1.94  231.3  1.87  1142  1213 1.000  36.1   1158 D668
12.02.2024 10:44:45  *01n 20 100TL 4  525.0  1.94  1019  236.5  0.93   219  229.3  2.03  230.4  2.01  231.2  1.99  1239  1232 1.000  36.1   1165 2CBE
12.02.2024 10:45:06  *01n 20 100TL 4  522.2  2.10  1101  255.9  1.00   256  229.6  1.88  229.9  1.83  231.1  1.83  1358  1254 1.000  36.1   1172 1F36
12.02.2024 10:45:25  *01n 20 100TL 4  521.9  2.05  1071  271.7  1.02   276  229.2  2.04  230.4  2.02  231.1  1.97  1347  1281 1.000  36.1   1179 2479
12.02.2024 10:45:46  *01n 20 100TL 4  523.8  2.09  1097  287.8  1.00   288  229.4  2.03  230.4  2.04  231.0  2.00  1385  1293 1.000  36.1   1186 0754
12.02.2024 10:46:06  *01n 20 100TL 4  517.5  2.07  1075  311.6  1.05   329  229.2  1.93  230.5  1.89  231.3  1.90  1405  1309 1.000  36.1   1193 055C
12.02.2024 10:46:26  *01n 20 100TL 4  527.4  2.08  1098  330.5  1.00   331  228.9  2.05  230.4  2.04  231.2  2.03  1429  1341 1.000  36.1   1200 4E3C
12.02.2024 10:46:46  *01n 20 100TL 4  538.3  1.98  1065  351.4  1.03   363  229.3  2.26  230.3  2.26  231.3  2.23  1428  1451 1.000  36.1   1208 8AFC
12.02.2024 10:47:06  *01n 20 100TL 4  537.4  1.82   982  351.9  0.92   325  229.3  1.86  230.2  1.83  230.9  1.80  1307  1222 1.000  36.1   1215 8E2B
12.02.2024 10:47:26  *01n 20 100TL 4  516.7  1.64   848  365.6  0.80   294  229.2  1.96  230.3  1.93  230.9  1.91  1142  1222 1.000  36.2   1222 2B70
12.02.2024 10:47:46  *01n 20 100TL 4  516.9  1.76   910  389.1  0.83   323  229.2  1.87  230.2  1.87  230.9  1.86  1234  1223 1.000  36.2   1229 273D
12.02.2024 10:48:06  *01n 20 100TL 4  515.8  1.86   964  409.1  0.86   352  229.1  1.81  230.1  1.79  230.8  1.76  1316  1219 1.000  36.2   1236 1B36
12.02.2024 10:48:26  *01n 20 100TL 4  516.3  1.58   820  431.7  0.78   337  228.9  2.03  230.0  2.02  230.8  2.00  1158  1217 1.000  36.2   1242 E4A6
12.02.2024 10:48:46  *01n 20 100TL 4  515.5  1.68   871  466.7  0.76   357  229.1  1.86  229.9  1.84  230.8  1.84  1228  1214 1.000  36.2   1249 1079
12.02.2024 10:49:06  *01n 20 100TL 4  515.7  1.57   811  479.2  0.75   361  228.8  1.90  229.9  1.89  230.6  1.85  1173  1194 1.000  36.2   1256 027F
12.02.2024 10:49:26  *01n 20 100TL 4  515.5  1.61   833  487.4  0.72   354  228.5  1.76  229.6  1.75  230.4  1.72  1187  1165 1.000  36.2   1263 011D
12.02.2024 10:49:46  *01n 20 100TL 4  514.8  1.63   840  507.6  0.76   389  229.3  1.82  229.8  1.80  230.2  1.77  1229  1153 1.000  36.2   1269 8B1F
12.02.2024 10:50:06  *01n 20 100TL 4  515.0  1.68   869  537.6  0.74   404  228.7  1.90  229.7  1.87  230.3  1.87  1274  1161 1.000  36.2   1276 FA95
12.02.2024 10:50:26  *01n 20 100TL 4  524.5  1.50   787  538.7  0.65   352  228.5  1.81  229.5  1.80  230.4  1.77  1139  1123 1.000  36.2   1282 3F07
12.02.2024 10:50:46  *01n 20 100TL 4  517.8  1.36   708  537.5  0.63   343  228.3  1.80  229.7  1.80  230.3  1.76  1051  1104 1.000  36.2   1288 5617
12.02.2024 10:51:06  *01n 20 100TL 4  510.7  1.57   802  536.7  0.68   366  228.3  1.67  229.6  1.65  230.2  1.63  1168  1077 1.000  36.2   1294 EFB6
12.02.2024 10:51:26  *01n 20 100TL 4  509.6  1.38   708  536.9  0.62   334  228.2  1.80  229.5  1.79  230.3  1.76  1042  1058 1.000  36.2   1300 8311
12.02.2024 10:51:46  *01n 20 100TL 4  510.9  1.41   724  544.2  0.60   328  228.2  1.62  229.5  1.60  230.2  1.58  1052  1034 1.000  36.2   1306 D8D8
12.02.2024 10:52:07  *01n 20 100TL 4  510.7  1.24   637  546.8  0.54   294  228.4  1.64  229.6  1.62  230.3  1.61   932  1014 1.000  36.2   1312 8683
12.02.2024 10:52:26  *01n 20 100TL 4  511.0  1.34   689  536.6  0.57   311  228.4  1.70  229.6  1.69  230.2  1.66  1000   999 1.000  36.2   1317 1D4F
12.02.2024 10:52:47  *01n 20 100TL 4  507.9  1.29   656  541.2  0.53   286  228.3  1.62  229.6  1.61  230.2  1.59   943   978 1.000  36.2   1322 5FD7
12.02.2024 10:53:07  *01n 20 100TL 4  507.6  1.16   592  552.1  0.50   276  228.3  1.49  229.4  1.47  229.9  1.44   868   950 1.000  36.2   1328 952F
12.02.2024 10:53:27  *01n 20 100TL 4  507.5  1.22   625  541.1  0.50   274  228.5  1.57  229.1  1.53  230.2  1.50   900   920 1.000  36.2   1333 5BFF
12.02.2024 10:53:47  *01n 20 100TL 4  507.5  1.11   564  530.9  0.46   250  228.3  1.55  229.4  1.54  230.2  1.51   814   888 1.000  36.2   1338 A1D0
12.02.2024 10:54:07  *01n 20 100TL 4  506.9  1.13   573  540.9  0.47   257  228.2  1.51  229.4  1.48  229.9  1.45   831   865 1.000  36.3   1343 BB00
12.02.2024 10:54:27  *01n 20 100TL 4  506.9  1.26   642  540.5  0.49   265  228.2  1.45  229.3  1.43  230.0  1.43   907   849 1.000  36.2   1348 A47A
12.02.2024 10:54:47  *01n 20 100TL 4  506.7  1.05   535  540.7  0.44   242  228.2  1.57  229.2  1.55  230.0  1.53   778   839 1.000  36.3   1353 30FB
12.02.2024 10:55:07  *01n 20 100TL 4  506.5  1.23   627  540.2  0.48   259  228.2  1.43  229.5  1.42  230.2  1.40   886   834 1.000  36.3   1358 9824
12.02.2024 10:55:27  *01n 20 100TL 4  507.8  1.10   563  539.1  0.46   253  228.3  1.47  229.4  1.44  230.1  1.41   816   825 1.000  36.3   1362 A8E7
12.02.2024 10:55:47  *01n 20 100TL 4  504.9  1.15   584  529.5  0.47   248  228.3  1.35  228.8  1.32  230.2  1.30   833   798 1.000  36.3   1366 58E2
12.02.2024 10:56:07  *01n 20 100TL 4  504.7  1.09   553  539.7  0.45   244  228.2  1.33  229.5  1.30  229.9  1.29   798   779 1.000  36.3   1371 044C
12.02.2024 10:56:27  *01n 20 100TL 4  503.8  1.02   515  539.4  0.42   228  227.9  1.38  229.0  1.35  229.9  1.33   744   750 1.000  36.3   1375 EC86
12.02.2024 10:56:47  *01n 20 100TL 4  503.4  1.00   508  538.2  0.37   202  228.2  1.38  229.8  1.34  230.3  1.33   711   724 1.000  36.3   1379 7B53
12.02.2024 10:57:07  *01n 20 100TL 4  503.5  0.95   482  537.4  0.38   205  228.0  1.33  229.5  1.32  230.3  1.29   688   698 1.000  36.3   1383 798C
12.02.2024 10:57:27  *01n 20 100TL 4  500.1  1.02   511  518.4  0.38   201  227.9  1.23  229.6  1.20  230.0  1.18   712   669 1.000  36.3   1387 CCD3
12.02.2024 10:57:47  *01n 20 100TL 4  500.0  0.92   462  498.5  0.35   177  228.0  1.20  229.7  1.17  230.1  1.17   639   642 1.000  36.3   1391 FB96
12.02.2024 10:58:08  *01n 20 100TL 4  499.7  0.86   431  478.6  0.36   170  228.2  1.24  229.4  1.22  230.0  1.20   602   619 1.000  36.3   1394 6C29
12.02.2024 10:58:28  *01n 20 100TL 4  509.5  0.90   460  458.7  0.35   163  228.4  1.15  229.4  1.15  230.0  1.13   624   587 1.000  36.3   1398 6EDC
12.02.2024 10:58:48  *01n 20 100TL 4  499.4  0.88   440  438.5  0.34   152  228.0  1.07  229.4  1.04  229.9  1.03   593   564 1.000  36.3   1401 8C55
12.02.2024 10:59:08  *01n 20 100TL 4  499.3  0.92   460  418.4  0.34   143  228.1  1.04  229.4  1.02  229.9  1.01   604   544 1.000  36.3   1404 FC9A
12.02.2024 10:59:28  *01n 20 100TL 4  499.0  0.76   378  398.5  0.30   120  228.2  1.15  229.4  1.13  229.8  1.10   498   524 1.000  36.3   1407 3D6A
12.02.2024 10:59:48  *01n 20 100TL 4  497.4  0.82   411  379.6  0.32   123  228.3  1.11  229.4  1.10  230.0  1.08   535   506 1.000  36.3   1410 6082
12.02.2024 11:00:08  *01n 20 100TL 4  497.8  0.67   334  359.5  0.27    97  228.4  1.07  229.5  1.03  229.9  1.03   431   482 1.000  36.4   1413 E58E
12.02.2024 11:00:28  *01n 20 100TL 4  488.9  0.74   361  339.5  0.26    90  228.3  1.09  229.5  1.07  230.2  1.08   451   460 1.000  36.4   1415 324A
12.02.2024 11:00:48  *01n 20 100TL 4  498.1  0.67   337  319.5  0.23    76  228.2  0.98  229.4  0.96  229.9  0.94   413   444 1.000  36.3   1418 37E5
12.02.2024 11:01:08  *01n 20 100TL 4  488.1  0.78   383  299.4  0.30    88  228.0  0.95  229.3  0.95  229.9  0.95   471   428 0.999c  36.4   1420 E402
12.02.2024 11:01:28  *01n 20 100TL 4  487.9  0.80   395  279.4  0.27    74  228.4  1.00  229.6  0.98  230.3  0.97   469   427 1.000  36.4   1423 5FBC
12.02.2024 11:01:48  *01n 20 100TL 4  487.6  0.65   317  259.0  0.25    65  228.6  1.05  229.7  1.04  230.5  1.02   383   424 1.000  36.4   1425 D19E
12.02.2024 11:02:08  *01n 20 100TL 4  505.6  0.78   398  239.7  0.32    76  228.7  1.04  229.8  1.02  230.4  1.00   474   431 1.000  36.4   1427 5BA9
12.02.2024 11:02:28  *01n 20 100TL 4  487.9  0.63   311  227.1  0.23    53  228.6  1.04  229.6  1.03  230.3  1.02   364   440 1.000  36.4   1430 34AA
12.02.2024 11:02:48  *01n 20 100TL 4  506.2  0.80   408  227.2  0.36    80  228.6  0.96  229.7  0.95  230.1  0.94   489   463 1.000  36.4   1432 3645
12.02.2024 11:03:08  *01n 20 100TL 4  506.2  0.87   445  227.5  0.33    76  228.3  1.01  229.5  0.97  230.1  0.97   521   483 1.000  36.4   1435 9877
12.02.2024 11:03:28  *01n 20 100TL 4  506.4  0.79   402  227.2  0.34    76  228.4  1.02  229.8  1.04  230.3  1.02   479   502 1.000  36.4   1438 5E11
12.02.2024 11:03:48  *01n 20 100TL 4  505.8  0.86   439  227.4  0.33    77  229.1  1.17  229.6  1.14  229.9  1.13   517   524 1.000  36.4   1441 563E
12.02.2024 11:04:08  *01n 20 100TL 4  507.5  0.88   450  227.1  0.35    79  228.2  1.19  229.4  1.18  230.2  1.17   529   543 1.000  36.4   1443 A1A7
12.02.2024 11:04:28  *01n 20 100TL 4  506.5  0.86   439  227.0  0.38    85  228.3  1.15  229.8  1.12  230.3  1.12   524   556 1.000  36.4   1446 B076
12.02.2024 11:04:48  *01n 20 100TL 4  495.5  0.94   469  227.2  0.37    83  228.7  1.07  229.7  1.06  230.2  1.03   553   558 1.000  36.4   1450 2CE6
12.02.2024 11:05:08  *01n 20 100TL 4  504.0  0.86   433  227.3  0.38    85  228.5  1.20  229.7  1.19  230.3  1.15   518   570 1.000  36.4   1453 03AD
12.02.2024 11:05:29  *01n 20 100TL 4  514.0  1.01   518  227.3  0.42    94  228.5  1.18  229.9  1.15  230.4  1.12   613   576 1.000  36.4   1456 18C0
12.02.2024 11:05:49  *01n 20 100TL 4  513.9  1.02   526  227.3  0.46   106  228.6  1.12  229.8  1.12  230.5  1.11   633   578 1.000  36.4   1459 F765
12.02.2024 11:06:09  *01n 20 100TL 4  503.3  1.00   506  227.2  0.43    96  228.8  1.13  229.8  1.09  230.7  1.10   602   588 1.000  36.4   1462 CBCC
12.02.2024 11:06:29  *01n 20 100TL 4  519.0  0.97   506  227.3  0.41    93  228.8  1.22  229.8  1.20  230.6  1.20   599   608 1.000  36.4   1466 A18A
12.02.2024 11:06:49  *01n 20 100TL 4  508.4  1.07   544  227.1  0.49   109  228.9  1.17  229.9  1.15  230.8  1.14   654   624 1.000  36.4   1469 2E30
12.02.2024 11:07:09  *01n 20 100TL 4  507.8  1.16   593  227.2  0.48   106  228.8  1.15  229.8  1.14  230.5  1.15   700   640 1.000  36.4   1473 7399
12.02.2024 11:07:29  *01n 20 100TL 4  508.6  1.03   524  227.2  0.48   108  228.7  1.29  229.8  1.27  230.7  1.26   633   653 1.000  36.4   1476 AFF2
12.02.2024 11:07:49  *01n 20 100TL 4  507.5  1.07   544  227.2  0.44   100  228.7  1.29  230.0  1.28  230.5  1.28   645   663 1.000  36.5   1480 301C
12.02.2024 11:08:09  *01n 20 100TL 4  508.2  1.17   598  227.1  0.51   115  228.6  1.30  229.8  1.27  230.4  1.26   714   672 1.000  36.5   1484 AB71
12.02.2024 11:08:29  *01n 20 100TL 4  516.4  1.07   555  227.2  0.50   112  228.9  1.27  230.1  1.27  230.8  1.26   668   683 1.000  36.5   1488 AA70
12.02.2024 11:08:49  *01n 20 100TL 4  516.6  1.21   627  227.4  0.54   123  228.5  1.20  229.6  1.19  230.4  1.17   750   695 1.000  36.5   1491 295E
12.02.2024 11:09:09  *01n 20 100TL 4  516.1  1.17   605  227.2  0.56   126  228.7  1.32  229.6  1.30  230.4  1.30   732   711 1.000  36.5   1495 3676
12.02.2024 11:09:29  *01n 20 100TL 4  515.9  1.14   590  227.2  0.52   115  228.9  1.30  230.0  1.29  230.5  1.28   706   721 1.000  36.5   1499 4E86
12.02.2024 11:09:49  *01n 20 100TL 4  515.8  1.15   596  227.2  0.52   117  228.9  1.38  230.0  1.36  230.8  1.34   714   737 1.000  36.5   1503 E915
12.02.2024 11:10:09  *01n 20 100TL 4  515.6  1.17   607  227.2  0.54   123  229.1  1.37  230.2  1.38  230.7  1.34   730   746 1.000  36.5   1507 8170
12.02.2024 11:10:29  *01n 20 100TL 4  515.7  1.29   668  227.4  0.57   131  229.2  1.33  230.1  1.30  230.7  1.29   799   756 1.000  36.5   1512 D87F
12.02.2024 11:10:49  *01n 20 100TL 4  522.2  1.15   604  227.2  0.56   128  229.0  1.40  230.0  1.38  230.6  1.36   732   759 1.000  36.5   1516 5577
12.02.2024 11:11:09  *01n 20 100TL 4  517.7  1.20   622  227.3  0.53   120  228.9  1.37  230.2  1.34  230.6  1.33   743   761 1.000  36.5   1520 6A4E
12.02.2024 11:11:30  *01n 20 100TL 4  522.4  1.10   575  227.1  0.53   122  229.1  1.30  230.1  1.27  230.7  1.24   697   747 1.000  36.5   1524 C1B7
12.02.2024 11:11:50  *01n 20 100TL 4  517.0  1.25   650  227.2  0.59   134  229.2  1.35  230.3  1.32  230.9  1.31   784   737 1.000  36.5   1528 C5DA
12.02.2024 11:12:10  *01n 20 100TL 4  516.5  1.11   575  227.2  0.48   109  229.1  1.35  230.2  1.32  230.6  1.30   685   715 1.000  36.5   1532 78E8
12.02.2024 11:12:30  *01n 20 100TL 4  515.9  1.12   576  227.2  0.53   119  229.0  1.31  229.9  1.29  230.6  1.30   695   708 1.000  36.5   1536 C75F
12.02.2024 11:12:50  *01n 20 100TL 4  502.2  1.12   566  227.4  0.48   108  228.8  1.28  230.0  1.26  230.4  1.26   674   697 1.000  36.5   1540 2F87
12.02.2024 11:13:10  *01n 20 100TL 4  508.4  1.13   576  227.3  0.52   119  228.9  1.34  229.8  1.32  230.7  1.30   695   704 1.000  36.5   1544 99CA
12.02.2024 11:13:30  *01n 20 100TL 4  508.0  1.13   578  227.5  0.51   115  228.9  1.33  229.9  1.31  230.8  1.30   694   708 1.000  36.5   1548 802B
12.02.2024 11:13:50  *01n 20 100TL 4  518.1  1.07   558  227.0  0.47   108  229.0  1.34  230.1  1.32  230.7  1.30   666   717 1.000  36.5   1552 1AF4
12.02.2024 11:14:10  *01n 20 100TL 4  507.8  1.22   621  227.1  0.57   129  228.9  1.31  230.3  1.26  230.9  1.25   750   723 1.000  36.5   1556 8B5F
12.02.2024 11:14:30  *01n 20 100TL 4  517.3  1.24   643  227.2  0.54   122  229.0  1.29  229.8  1.28  230.7  1.26   766   730 1.000  36.5   1560 3EBC
12.02.2024 11:14:50  *01n 20 100TL 4  507.0  1.19   605  227.3  0.57   129  228.8  1.39  230.3  1.36  230.6  1.34   735   741 1.000  36.5   1564 AA65
12.02.2024 11:15:10  *01n 20 100TL 4  506.8  1.17   595  227.3  0.51   115  228.7  1.37  229.8  1.36  230.5  1.36   711   750 1.000  36.5   1568 BFBB
12.02.2024 11:15:30  *01n 20 100TL 4  506.7  1.26   643  227.4  0.54   123  228.7  1.33  229.7  1.31  230.3  1.29   767   762 1.000  36.5   1572 64E0
12.02.2024 11:15:50  *01n 20 100TL 4  526.8  1.16   617  227.4  0.58   132  228.9  1.41  230.0  1.41  230.8  1.38   750   782 1.000  36.5   1577 A523
12.02.2024 11:16:10  *01n 20 100TL 4  506.2  1.40   709  227.2  0.61   138  229.1  1.43  230.4  1.41  230.9  1.38   848   813 1.000  36.5   1581 D210
12.02.2024 11:16:30  *01n 20 100TL 4  516.2  1.27   657  227.9  0.62   141  229.2  1.53  230.5  1.53  231.1  1.49   799   851 1.000  36.5   1586 3CB4
12.02.2024 11:16:50  *01n 20 100TL 4  505.4  1.53   775  227.4  0.68   154  229.2  1.44  230.5  1.42  231.0  1.40   929   875 1.000  36.5   1591 B286
12.02.2024 11:17:10  *01n 20 100TL 4  515.4  1.48   766  227.2  0.72   163  229.3  1.63  230.4  1.62  231.1  1.59   929   924 1.000  36.5   1596 C652
12.02.2024 11:17:30  *01n 20 100TL 4  515.2  1.42   733  227.7  0.76   172  229.4  1.68  230.7  1.67  231.2  1.66  1022   962 1.000  36.5   1601 BD01
12.02.2024 11:17:50  *01n 20 100TL 4  514.9  1.71   881  227.5  0.78   177  229.3  1.60  230.8  1.56  231.2  1.56  1058   999 1.000  36.5   1606 4A74
12.02.2024 11:18:10  *01n 20 100TL 4  514.3  1.62   834  227.8  0.79   181  229.2  1.73  230.5  1.69  231.1  1.70  1016  1045 1.000  36.5   1612 28F3
12.02.2024 11:18:31  *01n 20 100TL 4  524.1  1.75   917  226.4  0.83   189  229.2  1.87  230.5  1.85  231.0  1.82  1106  1084 1.000  36.5   1618 E70C
12.02.2024 11:18:51  *01n 20 100TL 4  523.9  1.68   881  226.0  0.82   186  229.3  1.87  230.5  1.88  230.9  1.84  1068  1109 1.000  36.6   1624 E965
12.02.2024 11:19:11  *01n 20 100TL 4  513.3  1.71   880  225.9  0.83   187  229.4  1.85  230.5  1.84  231.2  1.82  1068  1103 1.000  36.6   1630 9284
12.02.2024 11:19:31  *01n 20 100TL 4  523.4  1.84   964  227.2  0.88   199  229.4  1.69  230.6  1.66  231.1  1.64  1164  1097 1.000  36.6   1637 1112
12.02.2024 11:19:51  *01n 20 100TL 4  522.5  1.73   906  227.0  0.87   199  229.5  1.72  230.2  1.69  231.3  1.69  1106  1089 1.000  36.6   1643 E938
12.02.2024 11:20:11  *01n 20 100TL 4  522.1  1.84   961  227.5  0.87   198  229.3  1.70  230.5  1.68  231.3  1.66  1159  1083 1.000  36.6   1649 C184
12.02.2024 11:20:31  *01n 20 100TL 4  521.7  1.57   820  226.9  0.79   181  229.2  1.75  230.4  1.72  231.0  1.69  1002  1074 1.000  36.6   1655 4A48
12.02.2024 11:20:51  *01n 20 100TL 4  523.1  1.67   875  227.4  0.81   184  229.5  1.81  230.6  1.80  231.0  1.79  1060  1074 1.000  36.6   1661 3EDC
12.02.2024 11:21:11  *01n 20 100TL 4  512.9  1.73   891  227.4  0.81   184  229.5  1.81  230.6  1.81  231.1  1.78  1075  1066 1.000  36.6   1667 4DDE
12.02.2024 11:21:31  *01n 20 100TL 4  512.4  1.66   852  227.2  0.83   187  229.5  1.71  230.5  1.69  231.1  1.66  1040  1045 1.000  36.6   1673 7E84
12.02.2024 11:21:51  *01n 20 100TL 4  511.9  1.61   825  227.1  0.73   166  229.5  1.77  230.6  1.76  231.1  1.73   991  1028 1.000  36.6   1679 7F39
12.02.2024 11:22:11  *01n 20 100TL 4  521.2  1.59   833  227.2  0.80   181  229.4  1.62  230.7  1.59  231.2  1.58  1014  1002 1.000  36.6   1684 3D47
12.02.2024 11:22:31  *01n 20 100TL 4  516.1  1.62   839  227.2  0.80   181  229.5  1.66  230.6  1.66  231.1  1.61  1020   982 1.000  36.6   1689 5F76
12.02.2024 11:22:51  *01n 20 100TL 4  516.0  1.44   743  227.1  0.65   149  229.3  1.59  230.7  1.58  231.4  1.54   892   959 1.000  36.6   1695 42E4
12.02.2024 11:23:11  *01n 20 100TL 4  515.9  1.45   752  227.3  0.71   161  229.4  1.62  230.5  1.62  231.2  1.58   914   933 1.000  36.6   1700 AB83
12.02.2024 11:23:31  *01n 20 100TL 4  515.7  1.56   807  227.0  0.70   158  229.4  1.54  230.6  1.50  231.1  1.49   965   907 1.000  36.6   1705 4ACA
12.02.2024 11:23:51  *01n 20 100TL 4  515.5  1.30   675  227.0  0.65   146  229.6  1.51  230.7  1.48  231.4  1.45   822   881 1.000  36.6   1710 BFB9
12.02.2024 11:24:12  *01n 20 100TL 4  505.1  1.45   737  227.3  0.67   151  229.4  1.46  230.6  1.45  231.0  1.44   888   866 1.000  36.6   1715 31F7
12.02.2024 11:24:32  *01n 20 100TL 4  505.0  1.32   669  227.2  0.61   140  229.2  1.46  230.6  1.43  231.2  1.44   810   859 1.000  36.6   1720 FB94
12.02.2024 11:24:52  *01n 20 100TL 4  504.8  1.39   704  227.2  0.67   151  229.7  1.49  230.7  1.46  231.2  1.46   856   860 1.000  36.6   1725 DCF7
12.02.2024 11:25:12  *01n 20 100TL 4  504.4  1.38   697  227.2  0.61   138  229.6  1.41  230.8  1.40  231.3  1.39   836   863 1.000  36.6   1730 4268
12.02.2024 11:25:32  *01n 20 100TL 4  504.3  1.39   703  227.4  0.68   154  230.2  1.53  230.7  1.51  231.6  1.50   857   871 0.999c  36.6   1735 413E
12.02.2024 11:25:52  *01n 20 100TL 4  504.1  1.43   723  227.2  0.64   146  230.1  1.48  230.6  1.44  231.5  1.44   869   878 1.000  36.7   1739 1E32
12.02.2024 11:26:12  *01n 20 100TL 4  503.6  1.33   674  227.2  0.65   146  230.0  1.51  230.8  1.50  231.4  1.45   820   891 1.000  36.7   1744 ABA8
12.02.2024 11:26:32  *01n 20 100TL 4  513.9  1.42   730  227.2  0.69   157  230.0  1.49  230.6  1.46  231.6  1.45   888   910 1.000  36.7   1750 8677
12.02.2024 11:26:52  *01n 20 100TL 4  516.4  1.52   788  227.2  0.70   158  229.8  1.61  230.7  1.60  231.3  1.59   947   923 1.000  36.7   1754 CC40
12.02.2024 11:27:12  *01n 20 100TL 4  519.7  1.36   706  227.2  0.68   155  230.2  1.63  231.1  1.60  231.0  1.59   862   932 1.000  36.7   1760 2C17
12.02.2024 11:27:32  *01n 20 100TL 4  509.9  1.61   825  227.2  0.75   170  229.9  1.56  231.2  1.55  231.0  1.53   996   943 1.000  36.7   1765 4256
12.02.2024 11:27:52  *01n 20 100TL 4  509.6  1.65   842  227.2  0.76   172  230.3  1.52  231.1  1.48  231.2  1.47  1014   956 1.000  36.7   1770 5A03
12.02.2024 11:28:12  *01n 20 100TL 4  510.0  1.66   851  227.2  0.80   183  230.3  1.60  231.4  1.59  231.1  1.57  1034   964 1.000  36.7   1776 F187
12.02.2024 11:28:32  *01n 20 100TL 4  509.1  1.54   782  227.2  0.70   158  230.3  1.64  231.2  1.62  231.0  1.58   941   970 1.000  36.7   1781 611F
12.02.2024 11:28:52  *01n 20 100TL 4  519.2  1.56   810  227.1  0.77   175  230.9  1.68  230.9  1.66  231.1  1.64   985   981 1.000  36.7   1787 DA3E
12.02.2024 11:29:12  *01n 20 100TL 4  506.1  1.68   851  227.2  0.76   173  230.2  1.60  231.1  1.58  230.9  1.55  1025   975 1.000  36.7   1792 B647
12.02.2024 11:29:32  *01n 20 100TL 4  526.3  1.48   781  227.0  0.73   166  230.4  1.57  231.2  1.56  231.1  1.54   947   965 1.000  36.7   1797 F808
12.02.2024 11:29:52  *01n 20 100TL 4  516.0  1.43   740  227.2  0.69   157  230.2  1.63  231.1  1.60  230.9  1.56   897   968 1.000  36.7   1803 055D
12.02.2024 11:30:12  *01n 20 100TL 4  515.4  1.45   750  227.2  0.66   149  230.4  1.59  231.3  1.54  230.9  1.53   900   965 1.000  36.7   1808 3159
12.02.2024 11:30:32  *01n 20 100TL 4  515.3  1.42   732  227.1  0.71   161  230.6  1.67  231.5  1.64  231.1  1.62   894   958 1.000  36.7   1814 CFAD
12.02.2024 11:30:53  *01n 20 100TL 4  504.6  1.67   846  227.2  0.76   173  230.4  1.52  231.4  1.48  231.0  1.47  1020   947 1.000  36.7   1819 3205
12.02.2024 11:31:13  *01n 20 100TL 4  514.6  1.40   723  227.2  0.69   157  230.3  1.68  231.3  1.69  231.2  1.65   880   958 1.000  36.7   1824 7E25
12.02.2024 11:31:33  *01n 20 100TL 4  524.3  1.46   767  227.2  0.75   169  230.4  1.64  231.5  1.61  231.0  1.60   936   955 1.000  36.7   1829 CD23
12.02.2024 11:31:53  *01n 20 100TL 4  514.5  1.74   898  227.4  0.79   181  230.4  1.55  231.5  1.50  231.0  1.49  1080   979 1.000  36.7   1835 D4FB
12.02.2024 11:32:13  *01n 20 100TL 4  514.3  1.61   831  227.2  0.81   183  230.6  1.62  231.5  1.59  231.1  1.57  1014  1013 1.000  36.7   1840 0C6B
12.02.2024 11:32:33  *01n 20 100TL 4  514.0  1.78   918  227.4  0.83   187  230.9  1.72  231.7  1.69  231.4  1.67  1106  1063 1.000  36.8   1846 CE04
12.02.2024 11:32:53  *01n 20 100TL 4  513.5  1.65   848  227.3  0.83   190  230.8  1.83  231.8  1.82  231.3  1.77  1039  1115 1.000  36.8   1852 40EF
12.02.2024 11:33:13  *01n 20 100TL 4  492.2  1.95   961  227.4  0.92   207  230.5  1.87  231.8  1.87  231.4  1.83  1168  1158 1.000  36.8   1859 B85D
12.02.2024 11:33:33  *01n 20 100TL 4  523.6  1.99  1046  234.2  0.97   228  230.4  2.08  231.6  2.07  231.2  2.06  1275  1258 1.000  36.8   1865 A59A
12.02.2024 11:33:53  *01n 20 100TL 4  518.5  2.00  1039  253.1  1.02   259  230.6  1.99  231.5  1.96  231.1  1.93  1298  1316 1.000  36.8   1872 9E32
12.02.2024 11:34:13  *01n 20 100TL 4  516.3  2.02  1042  268.9  0.99   265  230.5  2.02  231.4  2.00  231.2  1.99  1307  1353 1.000  36.8   1880 32EB
12.02.2024 11:34:33  *01n 20 100TL 4  526.1  1.98  1045  285.5  0.99   283  230.6  2.09  231.4  2.05  231.3  2.03  1329  1361 1.000  36.8   1887 AA56
12.02.2024 11:34:53  *01n 20 100TL 4  518.1  2.04  1057  296.8  1.02   303  230.9  2.06  231.7  2.03  231.5  2.03  1361  1356 1.000  36.8   1895 E2C0
12.02.2024 11:35:13  *01n 20 100TL 4  515.6  2.14  1107  321.4  1.01   325  230.9  2.09  231.8  2.06  231.5  2.06  1432  1364 1.000  36.8   1903 E5B7
12.02.2024 11:35:33  *01n 20 100TL 4  514.7  2.10  1081  340.6  1.06   361  230.9  2.19  231.8  2.17  231.5  2.16  1443  1385 1.000  36.8   1910 C9AA
12.02.2024 11:35:53  *01n 20 100TL 4  524.1  1.91  1005  361.9  0.91   331  231.1  2.21  232.0  2.21  231.1  2.15  1336  1420 1.000  36.8   1918 1C8B
12.02.2024 11:36:13  *01n 20 100TL 4  514.7  1.99  1028  388.2  0.96   372  231.1  2.35  231.2  2.33  231.7  2.31  1400  1472 1.000  36.8   1926 5C0C
12.02.2024 11:36:34  *01n 20 100TL 4  515.5  2.18  1124  412.1  1.08   447  231.2  2.51  231.9  2.49  231.6  2.48  1571  1553 1.000  36.8   1935 82D9
12.02.2024 11:36:54  *01n 20 100TL 4  525.6  2.13  1121  437.4  1.01   445  231.2  2.61  232.0  2.58  231.4  2.56  1567  1643 1.000  36.8   1943 53A3
12.02.2024 11:37:14  *01n 20 100TL 4  525.0  2.18  1149  473.4  1.11   524  231.1  2.55  231.8  2.53  231.5  2.48  1673  1657 1.000  36.9   1953 8204
12.02.2024 11:37:34  *01n 20 100TL 4  524.7  2.30  1211  492.4  1.08   534  231.1  2.55  231.9  2.53  231.4  2.51  1745  1661 1.000  36.9   1962 4461
12.02.2024 11:37:54  *01n 20 100TL 4  524.5  1.98  1043  522.6  0.98   512  231.1  2.51  232.0  2.49  231.3  2.45  1556  1628 1.000  36.9   1971 F114
12.02.2024 11:38:14  *01n 20 100TL 4  514.8  2.05  1060  543.8  0.93   509  231.1  2.50  231.9  2.49  231.3  2.43  1570  1625 1.000  36.9   1980 8E6E
12.02.2024 11:38:34  *01n 20 100TL 4  515.9  2.02  1045  543.1  0.90   492  231.2  2.52  232.0  2.51  231.3  2.45  1538  1626 1.000  36.9   1989 EE95
12.02.2024 11:38:54  *01n 20 100TL 4  522.8  2.21  1158  553.5  1.06   590  231.1  2.49  231.8  2.46  231.4  2.47  1748  1647 1.000  36.9   1998 C640
12.02.2024 11:39:14  *01n 20 100TL 4  522.7  2.07  1084  543.1  0.97   531  231.1  2.66  232.2  2.65  231.6  2.63  1615  1687 1.000  36.9   2007 8C3B
12.02.2024 11:39:34  *01n 20 100TL 4  513.5  2.37  1220  554.2  1.08   601  231.3  2.50  232.2  2.50  231.7  2.45  1821  1734 1.000  36.9   2017 80AA
12.02.2024 11:39:54  *01n 20 100TL 4  524.5  2.26  1187  553.7  1.07   596  231.9  2.82  231.8  2.79  231.9  2.78  1783  1806 1.000  36.9   2027 D855
12.02.2024 11:40:14  *01n 20 100TL 4  514.3  2.51  1292  540.8  1.15   624  231.6  2.84  232.5  2.84  232.0  2.78  1916  1892 1.000  36.9   2037 8CAA
12.02.2024 11:40:34  *01n 20 100TL 4  522.3  2.49  1307  541.8  1.25   677  231.5  3.15  232.4  3.14  231.9  3.13  1985  2030 1.000  36.9   2048 B10C
12.02.2024 11:40:54  *01n 20 100TL 4  527.4  2.64  1394  546.6  1.30   714  231.4  3.17  232.3  3.19  232.0  3.13  2108  2111 1.000  36.9   2059 FE6C
12.02.2024 11:41:14  *01n 20 100TL 4  514.4  2.96  1522  557.4  1.37   767  231.4  3.28  232.5  3.28  232.1  3.23  2290  2198 1.000  36.9   2071 CD4F
12.02.2024 11:41:34  *01n 20 100TL 4  524.9  2.67  1400  546.2  1.32   721  231.4  3.28  232.2  3.27  231.8  3.23  2122  2200 1.000  36.9   2084 6201
12.02.2024 11:41:54  *01n 20 100TL 4  527.0  2.60  1373  546.1  1.22   669  231.4  3.10  232.5  3.11  232.2  3.06  2043  2087 1.000  37.0   2096 42C5
12.02.2024 11:42:14  *01n 20 100TL 4  516.6  2.64  1367  545.6  1.31   717  231.9  3.12  232.3  3.11  232.4  3.08  2084  2108 1.000  37.0   2108 E76E
12.02.2024 11:42:34  *01n 20 100TL 4  511.3  2.84  1457  534.5  1.38   738  231.6  3.29  233.0  3.27  232.3  3.28  2195  2232 1.000  37.0   2120 E71B
12.02.2024 11:42:55  *01n 20 100TL 4  533.3  3.93  2096  524.4  2.02  1065  232.0  4.57  232.7  4.54  232.1  4.54  3161  3163 1.000  37.0   2133 9423
12.02.2024 11:43:15  *01n 20 100TL 4  531.8  3.29  1753  545.6  1.82   996  231.7  4.01  232.6  4.02  231.9  3.96  2749  2629 1.000  37.0   2151 8258
12.02.2024 11:43:35  *01n 20 100TL 4  527.1  4.24  2240  554.8  2.04  1135  231.4  4.65  232.1  4.63  231.8  4.60  3375  3260 1.000  37.0   2169 A56D
12.02.2024 11:43:55  *01n 20 100TL 4  531.0  4.89  2597  543.4  2.44  1329  231.4  5.56  232.4  5.56  231.7  5.53  3926  3886 1.000  37.0   2188 FEAE
12.02.2024 11:44:15  *01n 20 100TL 4  526.0  4.32  2273  554.2  2.13  1182  231.3  5.18  232.2  5.19  231.7  5.15  3456  3489 1.000  37.0   2208 217D
12.02.2024 11:44:35  *01n 20 100TL 4  514.5  3.43  1771  532.7  1.65   881  231.3  4.08  232.1  4.08  231.7  4.05  2653  2706 1.000  37.1   2227 ADA9
12.02.2024 11:44:55  *01n 20 100TL 4  522.3  3.81  1994  533.1  1.91  1022  231.0  4.28  232.2  4.26  231.6  4.26  3016  2917 1.000  37.1   2243 A5D1
12.02.2024 11:45:15  *01n 20 100TL 4  513.4  3.60  1850  539.9  1.72   933  230.8  3.91  232.1  3.90  231.5  3.87  2784  2755 1.000  37.1   2258 6E79
12.02.2024 11:45:35  *01n 20 100TL 4  503.3  3.94  1986  533.0  1.96  1046  230.7  4.31  232.2  4.29  231.4  4.29  3033  2926 1.000  37.1   2274 FF91
12.02.2024 11:45:55  *01n 20 100TL 4  505.7  3.44  1742  531.9  1.68   895  231.0  3.69  232.0  3.68  231.7  3.65  2638  2601 1.000  37.1   2290 D93A
12.02.2024 11:46:15  *01n 20 100TL 4  506.7  3.25  1647  553.5  1.48   823  230.7  3.52  232.0  3.50  231.4  3.50  2471  2355 1.000  37.1   2303 604B
12.02.2024 11:46:35  *01n 20 100TL 4  515.1  3.10  1600  553.1  1.49   825  230.6  3.49  231.6  3.49  231.4  3.42  2426  2349 1.000  37.1   2317 37AF
12.02.2024 11:46:55  *01n 20 100TL 4  524.8  2.99  1570  552.5  1.42   788  230.8  3.52  231.9  3.51  231.5  3.49  2359  2311 1.000  37.2   2330 A85C
12.02.2024 11:47:15  *01n 20 100TL 4  525.1  2.65  1391  553.2  1.30   720  230.8  3.17  231.8  3.14  231.4  3.14  2111  2081 1.000  37.2   2342 50CD
12.02.2024 11:47:35  *01n 20 100TL 4  520.2  2.59  1348  540.2  1.30   704  230.6  3.01  231.8  2.99  231.2  2.99  2053  2026 1.000  37.2   2353 0C19
12.02.2024 11:47:55  *01n 20 100TL 4  507.7  2.70  1373  540.7  1.23   668  230.5  3.10  231.6  3.10  231.2  3.04  2041  2053 1.000  37.2   2364 4EF0
12.02.2024 11:48:15  *01n 20 100TL 4  512.8  2.55  1309  541.0  1.25   677  231.2  3.04  231.1  3.03  230.8  2.99  1986  2023 1.000  37.2   2376 A83C
12.02.2024 11:48:35  *01n 20 100TL 4  513.0  2.61  1344  540.4  1.24   672  230.6  3.10  231.8  3.10  231.4  3.07  2017  2011 1.000  37.2   2387 1C9E
12.02.2024 11:48:56  *01n 20 100TL 4  513.1  2.68  1380  540.4  1.29   697  230.7  2.99  231.7  2.98  231.4  2.93  2078  1992 1.000  37.3   2398 273B
12.02.2024 11:49:16  *01n 20 100TL 4  513.0  2.68  1379  540.1  1.30   703  230.7  2.81  231.8  2.80  231.3  2.78  2082  1976 1.000  37.3   2409 F737
12.02.2024 11:49:36  *01n 20 100TL 4  504.5  2.62  1326  539.6  1.19   646  230.9  3.01  231.8  3.00  231.6  2.99  1972  1957 1.000  37.3   2420 1BE3
12.02.2024 11:49:56  *01n 20 100TL 4  518.1  2.43  1255  549.1  1.15   637  230.7  3.03  231.7  3.03  231.4  3.00  1893  1951 1.000  37.3   2431 DE8B
12.02.2024 11:50:16  *01n 20 100TL 4  516.7  2.60  1347  549.3  1.22   674  231.7  2.92  231.5  2.93  231.4  2.87  2021  1945 1.000  37.3   2442 8B55
12.02.2024 11:50:36  *01n 20 100TL 4  515.8  2.55  1318  549.3  1.19   659  231.1  2.79  231.9  2.76  230.6  2.74  1977  1937 1.000  37.3   2452 ED26
12.02.2024 11:50:56  *01n 20 100TL 4  510.5  2.62  1338  537.8  1.26   682  231.0  2.88  231.8  2.86  230.6  2.85  2020  1928 1.000  37.4   2463 4300
12.02.2024 11:51:16  *01n 20 100TL 4  514.4  2.56  1316  537.3  1.17   631  231.2  2.98  232.0  2.97  230.8  2.95  1948  1919 1.000  37.4   2474 DA6B
12.02.2024 11:51:36  *01n 20 100TL 4  510.7  2.36  1206  538.9  1.15   622  231.3  2.89  232.1  2.88  230.7  2.83  1829  1902 1.000  37.4   2485 7C3B
12.02.2024 11:51:56  *01n 20 100TL 4  513.4  2.46  1268  538.5  1.14   613  231.4  2.73  232.0  2.70  230.7  2.67  1881  1886 1.000  37.4   2496 4459
12.02.2024 11:52:16  *01n 20 100TL 4  506.7  2.60  1322  543.1  1.17   637  231.1  2.87  231.9  2.85  230.7  2.83  1960  1869 1.000  37.4   2506 CE99
12.02.2024 11:52:36  *01n 20 100TL 4  506.3  2.46  1249  542.6  1.19   648  231.6  2.67  231.3  2.65  230.6  2.63  1898  1840 1.000  37.4   2516 16EA
12.02.2024 11:52:56  *01n 20 100TL 4  516.3  2.48  1283  542.8  1.14   622  231.1  2.84  232.0  2.82  230.7  2.80  1905  1820 1.000  37.4   2526 C125
12.02.2024 11:53:16  *01n 20 100TL 4  515.9  2.34  1206  542.5  1.10   602  231.3  2.81  231.4  2.81  230.7  2.77  1809  1791 1.000  37.5   2537 E784
12.02.2024 11:53:36  *01n 20 100TL 4  505.5  2.37  1199  542.2  1.11   604  231.1  2.56  231.8  2.53  230.7  2.50  1803  1757 1.000  37.5   2546 C012
12.02.2024 11:53:56  *01n 20 100TL 4  505.4  2.25  1141  541.7  1.02   558  230.9  2.75  232.0  2.73  230.9  2.70  1699  1745 1.000  37.5   2556 6A79
12.02.2024 11:54:16  *01n 20 100TL 4  514.8  2.18  1126  541.8  1.04   567  231.6  2.54  231.5  2.50  230.9  2.50  1693  1731 1.000  37.5   2565 6B6E
12.02.2024 11:54:36  *01n 20 100TL 4  505.4  2.16  1095  541.2  1.02   555  231.1  2.72  231.5  2.71  230.7  2.69  1651  1725 1.000  37.5   2575 2AF9
12.02.2024 11:54:56  *01n 20 100TL 4  514.4  2.22  1145  541.2  1.02   553  231.1  2.65  231.8  2.63  230.8  2.62  1699  1725 1.000  37.5   2585 B69F
12.02.2024 11:55:16  *01n 20 100TL 4  514.2  2.31  1190  541.0  1.12   608  231.0  2.56  231.9  2.53  230.7  2.52  1799  1733 1.000  37.5   2595 E963
12.02.2024 11:55:36  *01n 20 100TL 4  504.4  2.34  1185  540.5  1.04   566  231.0  2.74  232.1  2.73  230.9  2.69  1751  1739 1.000  37.5   2604 06CC
12.02.2024 11:55:57  *01n 20 100TL 4  513.9  2.31  1190  551.8  1.06   590  230.9  2.77  231.7  2.75  230.9  2.73  1780  1765 1.000  37.6   2614 6A0B
12.02.2024 11:56:17  *01n 20 100TL 4  514.2  2.38  1225  550.2  1.08   599  230.9  2.81  231.9  2.80  231.0  2.77  1824  1788 1.000  37.6   2624 2008
12.02.2024 11:56:37  *01n 20 100TL 4  518.9  2.43  1264  537.1  1.13   607  231.3  2.63  232.2  2.60  231.2  2.60  1872  1786 1.000  37.6   2634 984B
12.02.2024 11:56:57  *01n 20 100TL 4  508.2  2.47  1257  546.7  1.16   636  230.9  2.74  231.6  2.73  231.4  2.68  1893  1799 1.000  37.6   2644 92FA
12.02.2024 11:57:17  *01n 20 100TL 4  507.7  2.30  1170  542.2  1.07   584  231.1  2.65  231.9  2.63  231.5  2.61  1754  1803 1.000  37.6   2654 6639
12.02.2024 11:57:37  *01n 20 100TL 4  517.7  2.37  1231  541.8  1.12   611  230.6  2.72  231.7  2.72  232.2  2.66  1843  1814 1.000  37.6   2664 EF9D
12.02.2024 11:57:57  *01n 20 100TL 4  507.6  2.29  1164  546.4  1.09   599  230.5  2.65  231.7  2.62  232.2  2.60  1763  1815 1.000  37.6   2674 850C
12.02.2024 11:58:17  *01n 20 100TL 4  507.0  2.45  1248  551.4  1.09   602  230.7  2.67  231.7  2.65  232.2  2.63  1850  1826 1.000  37.7   2685 8ED7
12.02.2024 11:58:37  *01n 20 100TL 4  506.9  2.36  1200  546.3  1.13   621  231.4  2.81  231.1  2.79  232.3  2.79  1821  1844 1.000  37.7   2695 3B26
12.02.2024 11:58:57  *01n 20 100TL 4  517.6  2.49  1290  542.7  1.19   651  231.0  2.81  232.0  2.81  232.4  2.75  1942  1866 1.000  37.7   2705 FFC3
12.02.2024 11:59:17  *01n 20 100TL 4  517.1  2.48  1286  553.4  1.11   617  231.1  2.71  232.1  2.69  232.4  2.66  1904  1881 1.000  37.7   2715 7952
12.02.2024 11:59:37  *01n 20 100TL 4  506.2  2.56  1298  553.3  1.21   674  231.3  2.75  232.1  2.74  232.8  2.72  1972  1892 1.000  37.7   2726 2EFE
12.02.2024 11:59:57  *01n 20 100TL 4  506.3  2.54  1287  552.9  1.19   662  231.4  3.01  232.3  3.00  232.7  2.98  1950  1919 1.000  37.7   2737 E84C
12.02.2024 12:00:17  *01n 20 100TL 4  514.8  2.66  1371  541.7  1.27   692  231.0  2.92  232.0  2.89  232.2  2.89  2064  1957 1.000  37.7   2748 BD79
12.02.2024 12:00:37  *01n 20 100TL 4  525.3  2.58  1355  541.5  1.26   686  231.1  2.91  232.0  2.89  232.4  2.89  2041  1966 1.000  37.7   2758 573B
12.02.2024 12:00:57  *01n 20 100TL 4  514.8  2.55  1315  552.2  1.18   654  231.3  3.02  232.2  3.02  232.5  2.97  1969  2001 1.000  37.7   2769 DD28
12.02.2024 12:01:18  *01n 20 100TL 4  517.1  2.54  1316  540.6  1.24   671  231.4  3.04  232.4  3.05  232.7  3.00  1988  2027 1.000  37.7   2780 4199
12.02.2024 12:01:38  *01n 20 100TL 4  522.8  2.60  1361  540.8  1.30   706  231.4  3.07  232.1  3.06  232.7  3.01  2067  2047 1.000  37.8   2792 423B
12.02.2024 12:01:58  *01n 20 100TL 4  513.3  2.75  1414  552.1  1.27   704  231.6  3.11  232.6  3.10  233.0  3.09  2119  2090 1.000  37.8   2803 2691
12.02.2024 12:02:18  *01n 20 100TL 4  514.6  2.82  1454  550.3  1.37   755  231.6  3.23  232.6  3.21  233.0  3.20  2209  2133 1.000  37.8   2815 41C7
12.02.2024 12:02:38  *01n 20 100TL 4  523.4  2.71  1422  539.6  1.30   701  231.4  3.23  232.4  3.21  233.0  3.21  2124  2174 1.000  37.8   2827 C194
12.02.2024 12:02:58  *01n 20 100TL 4  519.0  2.90  1509  550.4  1.40   775  232.4  3.29  232.6  3.32  232.4  3.25  2284  2236 1.000  37.8   2839 BCFF
12.02.2024 12:03:18  *01n 20 100TL 4  516.1  3.01  1556  563.3  1.41   796  232.1  3.36  232.9  3.36  233.5  3.31  2352  2275 1.000  37.8   2852 EBD3
12.02.2024 12:03:38  *01n 20 100TL 4  515.1  2.93  1515  550.1  1.37   756  232.2  3.50  233.2  3.50  233.5  3.46  2272  2360 1.000  37.8   2865 D2A1
12.02.2024 12:03:58  *01n 20 100TL 4  520.8  3.32  1733  550.9  1.65   914  231.8  3.79  233.1  3.78  233.5  3.77  2647  2621 1.000  37.9   2878 7943
12.02.2024 12:04:18  *01n 20 100TL 4  526.5  5.63  2969  561.5  2.77  1556  232.4  6.29  233.4  6.28  233.8  6.25  4525  4449 1.000  37.9   2896 C3CD
12.02.2024 12:04:38  *01n 20 100TL 4  509.8  5.69  2905  543.3  2.80  1521  232.3  6.37  233.2  6.37  233.7  6.35  4426  4489 1.000  37.9   2921 F698
12.02.2024 12:04:58  *01n 20 100TL 4  516.0  6.62  3421  547.3  3.26  1789  232.6  7.24  233.7  7.24  234.0  7.20  5210  5178 1.000  37.9   2949 241D
12.02.2024 12:05:18  *01n 20 100TL 4  516.5  3.96  2047  547.5  1.84  1008  232.8  4.15  233.5  4.11  234.0  4.10  3056  2960 1.000  37.9   2973 EDBC
12.02.2024 12:05:38  *01n 20 100TL 4  515.5  3.35  1727  539.7  1.59   860  232.8  3.76  233.8  3.75  234.2  3.72  2587  2629 1.000  37.9   2987 ACDF
12.02.2024 12:05:58  *01n 20 100TL 4  527.2  3.52  1858  569.5  1.70   970  233.1  3.99  234.3  3.99  234.7  3.94  2829  2714 1.000  37.9   3002 1770
12.02.2024 12:06:18  *01n 20 100TL 4  524.2  5.74  3013  551.2  2.89  1594  233.5  6.73  234.7  6.72  234.8  6.72  4608  4618 1.000  37.9   3021 AAFD
12.02.2024 12:06:38  *01n 20 100TL 4  517.7  4.99  2586  548.3  2.43  1333  233.9  5.62  234.3  5.60  234.5  5.59  3920  4014 1.000  38.0   3049 C996
12.02.2024 12:06:58  *01n 20 100TL 4  524.1  5.24  2748  561.4  2.56  1443  233.3  5.98  234.5  5.97  234.8  5.96  4191  4121 1.000  38.0   3070 5165
12.02.2024 12:07:18  *01n 20 100TL 4  515.5  7.34  3784  549.2  3.57  1963  233.7  8.11  234.9  8.13  235.2  8.07  5748  5676 1.000  38.0   3099 192E
12.02.2024 12:07:38  *01n 20 100TL 4  517.3  5.83  3019  548.6  2.91  1599  233.4  6.55  234.5  6.55  234.9  6.54  4618  4588 1.000  38.0   3128 F263
12.02.2024 12:07:58  *01n 20 100TL 4  513.3  5.63  2893  565.4  2.65  1503  233.4  6.39  234.4  6.37  235.0  6.36  4396  4414 1.000  38.0   3150 6F2F
12.02.2024 12:08:19  *01n 20 100TL 4  514.6  6.95  3576  557.3  3.26  1818  233.9  7.69  235.0  7.69  235.5  7.66  5395  5314 1.000  38.0   3179 75B2
12.02.2024 12:08:39  *01n 20 100TL 4  515.3  4.22  2178  566.1  1.80  1023  233.4  4.67  234.6  4.68  235.3  4.64  3202  3198 1.000  38.1   3205 0723
12.02.2024 12:08:59  *01n 20 100TL 4  521.4  5.92  3091  564.1  2.75  1556  233.6  6.66  234.6  6.67  235.2  6.62  4647  4623 1.000  38.1   3227 87DD
12.02.2024 12:09:19  *01n 20 100TL 4  523.3  6.18  3239  561.8  2.94  1654  233.9  6.92  235.2  6.93  235.7  6.88  4893  4863 1.000  38.1   3254 496A
12.02.2024 12:09:39  *01n 20 100TL 4  534.8  5.75  3080  569.2  2.90  1652  233.8  6.59  235.0  6.58  235.5  6.56  4733  4679 1.000  38.2   3278 ABE4
12.02.2024 12:09:59  *01n 20 100TL 4  519.2  5.86  3045  556.8  2.76  1541  233.8  6.52  234.9  6.50  235.6  6.49  4586  4629 1.000  38.2   3306 E638
12.02.2024 12:10:19  *01n 20 100TL 4  524.6  3.86  2024  556.6  1.91  1066  233.5  4.49  234.5  4.47  235.2  4.44  3091  2998 1.000  38.2   3325 45A0
12.02.2024 12:10:39  *01n 20 100TL 4  517.3  6.40  3312  549.1  3.21  1768  233.7  7.14  234.6  7.13  235.3  7.10  5081  5004 1.000  38.2   3348 7C0E
12.02.2024 12:10:59  *01n 20 100TL 4  508.3  5.79  2944  536.7  2.76  1483  233.5  6.39  234.3  6.40  235.3  6.34  4428  4454 1.000  38.2   3376 10CD
12.02.2024 12:11:19  *01n 20 100TL 4  502.8  5.25  2639  548.1  2.58  1417  233.4  5.70  234.2  5.71  235.0  5.64  4057  3909 1.000  38.3   3398 C10D
12.02.2024 12:11:39  *01n 20 100TL 4  506.3  6.82  3457  545.6  3.30  1802  233.2  7.39  234.3  7.38  234.9  7.38  5259  5212 1.000  38.3   3425 F39B
12.02.2024 12:11:59  *01n 20 100TL 4  515.0  6.76  3486  545.0  3.36  1835  233.5  7.41  234.1  7.39  235.1  7.38  5322  5267 1.000  38.3   3454 04B1
12.02.2024 12:12:19  *01n 20 100TL 4  504.2  5.68  2868  533.4  2.74  1461  233.0  6.23  233.8  6.24  234.9  6.21  4330  4316 1.000  38.4   3481 DBF6
12.02.2024 12:12:39  *01n 20 100TL 4  505.7  4.88  2470  536.8  2.32  1249  233.4  5.30  233.2  5.30  234.5  5.26  3720  3689 1.000  38.4   3501 D5CF
12.02.2024 12:12:59  *01n 20 100TL 4  503.8  3.86  1951  547.5  1.74   953  232.7  4.21  233.4  4.20  234.8  4.19  2905  2882 1.000  38.4   3519 DF20
12.02.2024 12:13:19  *01n 20 100TL 4  508.7  2.74  1397  537.1  1.34   724  232.8  3.11  233.5  3.09  234.7  3.07  2122  2052 1.000  38.5   3532 5F4E
12.02.2024 12:13:39  *01n 20 100TL 4  489.0  2.92  1432  536.9  1.29   694  232.7  3.06  233.8  3.03  234.6  3.02  2127  2088 1.000  38.5   3543 B7A2
12.02.2024 12:14:00  *01n 20 100TL 4  488.4  2.95  1441  526.0  1.41   746  232.9  2.96  234.0  2.94  234.7  2.91  2188  2084 1.000  38.5   3555 69F1
12.02.2024 12:14:20  *01n 20 100TL 4  504.7  3.10  1570  516.4  1.49   773  233.1  3.24  234.1  3.22  234.7  3.20  2343  2259 1.000  38.5   3567 2D66
12.02.2024 12:14:40  *01n 20 100TL 4  495.4  3.95  1957  537.6  1.92  1034  233.3  4.40  234.2  4.40  234.7  4.38  2992  3006 1.000  38.5   3584 5423
12.02.2024 12:15:00  *01n 20 100TL 4  504.0  4.42  2229  534.5  2.22  1191  233.3  5.01  234.3  5.00  235.0  4.97  3421  3385 1.000  38.6   3603 D005
12.02.2024 12:15:20  *01n 20 100TL 4  502.4  3.91  1968  556.3  1.82  1014  233.3  4.45  234.2  4.45  234.9  4.40  2983  3056 1.000  38.6   3621 C17D
12.02.2024 12:15:40  *01n 20 100TL 4  496.3  3.79  1881  534.4  1.78   956  233.4  3.98  234.2  3.99  234.9  3.93  2838  2758 1.000  38.6   3637 7959
12.02.2024 12:16:00  *01n 20 100TL 4  497.5  2.80  1394  534.9  1.33   714  233.6  3.16  233.4  3.15  234.7  3.10  2108  2146 1.000  38.7   3651 B8BF
12.02.2024 12:16:20  *01n 20 100TL 4  490.5  2.88  1416  556.5  1.20   672  233.6  3.06  233.7  3.06  234.3  3.00  2088  2070 1.000  38.7   3663 BE07
12.02.2024 12:16:40  *01n 20 100TL 4  509.2  2.65  1353  534.5  1.28   688  233.1  2.99  234.0  3.00  234.6  2.94  2041  2005 1.000  38.7   3675 8528
12.02.2024 12:17:00  *01n 20 100TL 4  503.0  2.68  1350  544.9  1.26   692  233.4  3.01  234.1  3.00  234.9  2.99  2043  2088 1.000  38.7   3686 5E72
12.02.2024 12:17:20  *01n 20 100TL 4  491.0  6.20  3045  524.2  2.96  1554  233.9  6.55  234.7  6.56  235.5  6.52  4600  4594 1.000  38.8   3706 6D95
12.02.2024 12:17:40  *01n 20 100TL 4  502.9  6.66  3350  541.6  3.24  1756  233.8  7.26  234.8  7.26  235.5  7.24  5107  5065 1.000  38.8   3734 031C
12.02.2024 12:18:00  *01n 20 100TL 4  503.5  6.54  3297  542.8  3.24  1763  233.9  7.14  234.8  7.14  235.5  7.11  5061  4986 1.000  38.8   3761 ADEC
12.02.2024 12:18:20  *01n 20 100TL 4  498.5  6.77  3376  547.8  3.21  1765  233.4  7.23  234.7  7.24  235.3  7.19  5142  5043 1.000  38.8   3790 5F7F
12.02.2024 12:18:40  *01n 20 100TL 4  509.0  6.16  3140  542.6  3.07  1669  233.7  6.90  234.5  6.91  235.1  6.87  4809  4811 1.000  38.9   3817 987B
12.02.2024 12:19:00  *01n 20 100TL 4  509.3  6.25  3183  541.8  3.04  1651  233.7  6.90  234.9  6.90  235.4  6.89  4834  4771 1.000  38.9   3844 0ABB
12.02.2024 12:19:20  *01n 20 100TL 4  506.1  4.40  2230  546.8  1.96  1072  233.6  4.91  234.5  4.91  235.2  4.86  3303  3418 1.000  38.9   3867 074B
12.02.2024 12:19:40  *01n 20 100TL 4  501.4  3.35  1684  530.9  1.65   878  232.9  3.71  234.2  3.70  235.0  3.67  2563  2650 1.000  38.9   3882 43CF
12.02.2024 12:20:00  *01n 20 100TL 4  497.7  3.83  1905  548.3  1.81   996  232.9  4.20  233.8  4.21  234.8  4.16  2902  2864 1.000  39.0   3898 74BC
12.02.2024 12:20:20  *01n 20 100TL 4  512.0  4.03  2066  558.3  1.80  1007  233.2  4.37  234.2  4.34  235.0  4.35  3073  3006 1.000  39.0   3915 ADFC
12.02.2024 12:20:41  *01n 20 100TL 4  515.8  4.03  2081  530.1  2.08  1104  233.3  4.58  234.2  4.57  235.1  4.55  3186  3241 1.000  39.0   3933 3C37
12.02.2024 12:21:01  *01n 20 100TL 4  529.3  5.39  2854  540.4  2.91  1576  233.4  6.21  234.6  6.21  235.2  6.19  4431  4379 1.000  39.0   3953 4EAB
12.02.2024 12:21:21  *01n 20 100TL 4  526.8  5.50  2900  527.3  2.96  1564  233.4  6.38  234.6  6.38  235.1  6.36  4464  4431 1.000  39.0   3978 744C
12.02.2024 12:21:41  *01n 20 100TL 4  534.2  5.51  2946  532.6  3.11  1661  231.6  6.54  235.4  6.54  235.6  6.52  4608  4667 1.000  39.1   4003 9E06
12.02.2024 12:22:01  *01n 20 100TL 4  533.5  5.05  2699  534.2  2.83  1518  233.3  6.12  234.3  6.09  234.8  6.10  4217  4260 1.000  39.1   4027 C0C3
12.02.2024 12:22:21  *01n 20 100TL 4  537.0  3.82  2053  516.4  2.19  1135  233.3  4.58  234.3  4.57  234.8  4.55  3189  3096 1.000  39.1   4047 BBFA
12.02.2024 12:22:41  *01n 20 100TL 4  523.3  4.08  2137  547.3  2.14  1173  233.4  4.68  234.5  4.69  235.2  4.63  3311  3216 1.000  39.2   4065 A2E7
12.02.2024 12:23:01  *01n 20 100TL 4  522.0  3.72  1945  559.8  1.74   978  233.6  4.04  234.3  4.02  235.3  4.00  2923  2829 1.000  39.2   4081 8706
12.02.2024 12:23:21  *01n 20 100TL 4  520.9  6.12  3190  560.4  3.01  1689  233.9  6.83  234.9  6.81  235.6  6.81  4879  4711 1.000  39.2   4102 1254
12.02.2024 12:23:41  *01n 20 100TL 4  525.0  6.01  3158  552.3  3.09  1712  233.8  6.72  235.2  6.73  235.8  6.69  4870  4808 1.000  39.2   4129 0D78
12.02.2024 12:24:01  *01n 20 100TL 4  513.7  6.58  3384  535.5  3.38  1812  234.1  7.23  235.3  7.22  235.9  7.22  5197  5134 1.000  39.2   4155 4168
12.02.2024 12:24:21  *01n 20 100TL 4  519.2  6.03  3135  526.5  3.15  1660  234.1  6.76  235.5  6.79  235.8  6.72  4795  4736 1.000  39.3   4181 7454
12.02.2024 12:24:41  *01n 20 100TL 4  527.8  3.82  2018  515.6  2.18  1127  234.1  4.57  235.3  4.58  235.9  4.55  3146  3137 1.000  39.3   4202 06C6
12.02.2024 12:25:01  *01n 20 100TL 4  539.6  3.54  1911  533.5  2.12  1135  234.0  4.51  234.9  4.52  235.7  4.47  3047  3111 1.000  39.3   4222 0773
12.02.2024 12:25:21  *01n 20 100TL 4  553.5  3.91  2169  548.0  2.73  1501  235.7  5.05  233.7  5.03  234.9  5.03  3671  3576 1.000  39.4   4241 F081
12.02.2024 12:25:41  *01n 20 100TL 4  553.8  4.46  2471  557.7  2.90  1620  233.7  5.81  235.1  5.81  235.8  5.78  4092  4142 1.000  39.4   4263 B9C4
12.02.2024 12:26:02  *01n 20 100TL 4  553.2  2.70  1496  556.4  1.90  1057  233.9  3.68  234.9  3.68  235.6  3.63  2554  2502 1.000  39.4   4282 1FB1
12.02.2024 12:26:21  *01n 20 100TL 4  546.2  3.04  1661  538.4  2.04  1100  234.0  4.01  234.7  4.00  235.9  3.99  2761  2716 1.000  39.4   4296 1A9B
12.02.2024 12:26:41  *01n 20 100TL 4  566.5  3.39  1924  543.6  3.07  1673  234.4  4.97  234.1  4.95  235.1  4.93  3598  3503 1.000  39.4   4314 EC0F
12.02.2024 12:27:02  *01n 20 100TL 4  559.0  3.76  2104  532.6  2.94  1567  233.8  5.24  234.7  5.25  235.5  5.20  3671  3601 1.000  39.5   4333 7E39
12.02.2024 12:27:22  *01n 20 100TL 4  540.2  5.30  2867  537.2  3.17  1709  233.7  6.50  234.6  6.46  235.5  6.46  4576  4473 1.000  39.5   4355 FD63
12.02.2024 12:27:42  *01n 20 100TL 4  524.5  4.88  2561  541.2  2.56  1391  233.8  5.66  234.1  5.63  235.7  5.63  3953  3956 1.000  39.5   4380 8FD7
12.02.2024 12:28:02  *01n 20 100TL 4  523.8  3.34  1751  540.5  1.73   939  234.1  3.65  233.7  3.63  235.1  3.62  2691  2590 1.000  39.5   4397 1A58
12.02.2024 12:28:22  *01n 20 100TL 4  522.2  3.73  1950  539.0  1.98  1069  233.4  4.32  234.4  4.31  235.5  4.29  3019  2937 1.000  39.6   4414 B991
12.02.2024 12:28:42  *01n 20 100TL 4  528.2  3.43  1814  527.6  1.97  1040  233.5  4.17  234.6  4.17  235.3  4.14  2854  2813 1.000  39.6   4429 3504
12.02.2024 12:29:02  *01n 20 100TL 4  535.0  4.67  2504  532.8  2.72  1451  233.6  5.76  234.7  5.77  235.5  5.71  3955  3978 1.000  39.6   4447 A0AD
12.02.2024 12:29:22  *01n 20 100TL 4  524.3  5.85  3073  535.6  3.15  1689  233.6  6.77  235.0  6.77  235.9  6.77  4762  4707 1.000  39.6   4472 AB33
12.02.2024 12:29:42  *01n 20 100TL 4  523.4  3.58  1878  526.8  1.99  1051  233.3  4.21  234.4  4.21  235.3  4.18  2929  2829 1.000  39.6   4490 5650
12.02.2024 12:30:02  *01n 20 100TL 4  531.9  4.20  2235  527.6  2.43  1286  233.3  5.04  234.5  5.03  235.4  5.02  3521  3526 1.000  39.7   4510 E44B
12.02.2024 12:30:22  *01n 20 100TL 4  531.7  4.26  2267  534.1  2.40  1286  232.5  4.98  234.9  4.98  234.7  4.92  3553  3483 1.000  39.7   4529 02E8
12.02.2024 12:30:42  *01n 20 100TL 4  529.1  3.49  1849  515.3  2.01  1036  233.3  4.38  234.5  4.38  235.3  4.34  2885  2925 1.000  39.7   4545 6979
12.02.2024 12:31:02  *01n 20 100TL 4  535.1  3.47  1861  498.6  2.01  1000  232.6  3.83  234.2  3.83  235.0  3.80  2862  2748 1.000  39.7   4561 A5AE
12.02.2024 12:31:22  *01n 20 100TL 4  539.4  4.61  2487  500.5  2.81  1408  233.1  5.39  234.4  5.38  235.1  5.35  3895  3762 1.000  39.7   4578 55B3
12.02.2024 12:31:42  *01n 20 100TL 4  532.2  5.48  2919  490.9  3.18  1562  232.9  6.33  234.4  6.34  235.1  6.32  4481  4388 1.000  39.8   4601 AC97
12.02.2024 12:32:02  *01n 20 100TL 4  524.8  5.84  3067  495.7  3.13  1554  233.9  6.60  234.5  6.59  234.3  6.58  4621  4577 1.000  39.8   4626 38BD
12.02.2024 12:32:23  *01n 20 100TL 4  519.7  5.96  3100  507.4  3.24  1643  233.1  6.58  234.2  6.56  234.9  6.55  4744  4632 1.000  39.8   4651 F14B
12.02.2024 12:32:43  *01n 20 100TL 4  519.5  5.58  2900  512.2  2.96  1518  233.0  6.32  234.3  6.30  234.9  6.28  4419  4327 1.000  39.8   4677 138D
12.02.2024 12:33:03  *01n 20 100TL 4  513.5  4.57  2346  505.8  2.26  1142  232.6  4.95  233.9  4.95  234.7  4.90  3489  3437 1.000  39.9   4699 F0C7
12.02.2024 12:33:23  *01n 20 100TL 4  507.8  3.53  1792  510.2  1.74   891  233.0  3.89  233.1  3.86  234.4  3.84  2684  2781 1.000  39.9   4716 0E92
12.02.2024 12:33:43  *01n 20 100TL 4  504.3  2.89  1463  521.2  1.46   762  232.4  3.39  233.4  3.37  234.2  3.36  2226  2285 1.000  39.9   4730 84F7
12.02.2024 12:34:03  *01n 20 100TL 4  509.3  3.08  1571  511.6  1.55   793  232.2  3.44  233.4  3.45  234.3  3.39  2365  2314 1.000  39.9   4743 D23E
12.02.2024 12:34:23  *01n 20 100TL 4  503.9  2.91  1470  520.4  1.45   759  232.5  3.03  233.0  3.03  234.3  3.00  2230  2145 1.000  39.9   4756 6518
12.02.2024 12:34:43  *01n 20 100TL 4  504.0  2.91  1469  520.4  1.41   737  232.5  3.27  233.5  3.26  234.3  3.25  2206  2160 1.000  39.9   4768 4ABA
12.02.2024 12:35:03  *01n 20 100TL 4  503.9  3.21  1620  510.0  1.54   790  232.3  3.34  233.5  3.33  234.3  3.32  2410  2368 1.000  40.0   4781 5DDB
12.02.2024 12:35:23  *01n 20 100TL 4  503.5  2.38  1200  530.3  1.16   617  232.3  2.97  233.3  2.94  234.1  2.94  1818  1905 1.000  40.0   4794 AD0A
12.02.2024 12:35:43  *01n 20 100TL 4  503.4  2.38  1199  530.0  1.19   633  232.2  2.75  233.2  2.72  234.1  2.72  1832  1898 1.000  40.0   4804 D71C
12.02.2024 12:36:03  *01n 20 100TL 4  512.8  2.80  1437  509.3  1.40   712  232.4  2.91  233.4  2.89  234.1  2.88  2149  2049 1.000  40.0   4814 0C18
12.02.2024 12:36:23  *01n 20 100TL 4  514.0  2.32  1196  508.5  1.20   611  232.6  2.55  233.3  2.54  233.5  2.52  1808  1722 1.000  40.0   4825 188F
12.02.2024 12:36:43  *01n 20 100TL 4  502.4  2.37  1191  518.9  1.15   601  232.3  2.77  233.3  2.78  233.9  2.74  1792  1774 1.000  40.0   4835 1FF5
12.02.2024 12:37:03  *01n 20 100TL 4  501.7  2.60  1307  528.7  1.21   642  232.5  3.06  233.4  3.06  234.0  3.00  1950  2034 1.000  40.0   4845 7A34
12.02.2024 12:37:23  *01n 20 100TL 4  505.1  2.91  1474  528.7  1.43   761  232.7  3.32  233.5  3.30  234.4  3.31  2235  2194 1.000  40.1   4857 4285
12.02.2024 12:37:43  *01n 20 100TL 4  500.0  3.00  1503  549.4  1.36   750  233.1  3.28  232.9  3.27  234.7  3.25  2253  2252 1.000  40.1   4870 8F30
12.02.2024 12:38:03  *01n 20 100TL 4  501.0  3.28  1647  537.4  1.56   840  232.7  3.60  233.6  3.60  234.5  3.54  2488  2442 1.000  40.1   4882 4F9D
12.02.2024 12:38:24  *01n 20 100TL 4  508.3  3.47  1765  537.7  1.63   880  232.7  3.72  233.6  3.72  234.5  3.67  2645  2552 1.000  40.1   4897 E2CC
12.02.2024 12:38:44  *01n 20 100TL 4  505.2  3.32  1675  528.3  1.64   869  232.8  3.65  233.7  3.65  234.6  3.60  2545  2508 1.000  40.1   4911 1B9E
12.02.2024 12:39:04  *01n 20 100TL 4  510.6  3.14  1605  548.8  1.45   798  233.7  3.67  233.0  3.66  234.6  3.65  2403  2464 1.000  40.1   4924 F72E
12.02.2024 12:39:24  *01n 20 100TL 4  509.7  3.56  1815  559.3  1.64   918  233.2  4.03  234.1  4.03  235.0  3.98  2734  2755 1.000  40.1   4939 9092
12.02.2024 12:39:44  *01n 20 100TL 4  514.3  3.73  1919  547.8  1.84  1013  233.1  4.26  234.2  4.25  234.9  4.24  2932  2882 1.000  40.1   4954 16F1
12.02.2024 12:40:04  *01n 20 100TL 4  514.0  4.04  2078  547.4  1.90  1043  233.1  4.62  234.1  4.61  234.8  4.58  3121  3097 1.000  40.1   4972 26F0
12.02.2024 12:40:24  *01n 20 100TL 4  511.4  4.01  2050  541.6  1.94  1054  232.9  4.45  234.4  4.44  235.1  4.43  3105  3121 1.000  40.2   4989 7FC3
12.02.2024 12:40:44  *01n 20 100TL 4  522.2  3.79  1983  541.9  1.95  1058  233.0  4.46  234.2  4.47  235.0  4.41  3042  3067 1.000  40.2   5006 0963
12.02.2024 12:41:04  *01n 20 100TL 4  516.9  4.19  2171  531.0  2.06  1095  233.1  4.52  234.2  4.51  234.9  4.49  3266  3181 1.000  40.2   5023 3037
12.02.2024 12:41:24  *01n 20 100TL 4  517.0  4.15  2148  541.1  2.01  1089  233.3  4.73  234.5  4.71  235.0  4.70  3237  3280 1.000  40.2   5041 A2D4
12.02.2024 12:41:44  *01n 20 100TL 4  511.5  4.17  2134  541.6  2.07  1124  233.9  4.68  234.1  4.69  234.5  4.62  3259  3207 1.000  40.2   5060 6A31
12.02.2024 12:42:04  *01n 20 100TL 4  511.7  4.19  2149  539.3  2.01  1084  233.4  4.74  234.4  4.74  235.1  4.71  3234  3199 1.000  40.2   5078 74D3
12.02.2024 12:42:24  *01n 20 100TL 4  511.6  4.32  2214  531.3  2.13  1132  233.7  4.87  233.9  4.87  235.3  4.87  3346  3303 1.000  40.2   5096 E2AB
12.02.2024 12:42:44  *01n 20 100TL 4  516.9  4.11  2128  550.2  2.01  1110  233.1  4.63  234.1  4.62  235.0  4.59  3239  3219 1.000  40.2   5113 AF1B
12.02.2024 12:43:04  *01n 20 100TL 4  516.9  3.88  2008  550.7  1.91  1052  233.1  4.27  234.1  4.27  235.1  4.22  3060  2934 1.000  40.2   5130 F61B
12.02.2024 12:43:25  *01n 20 100TL 4  516.7  3.39  1757  550.4  1.57   865  232.7  3.58  233.7  3.57  234.6  3.55  2623  2531 1.000  40.2   5145 3FC9
12.02.2024 12:43:45  *01n 20 100TL 4  517.2  3.06  1585  540.4  1.51   816  232.5  3.39  233.9  3.36  234.7  3.36  2401  2316 1.000  40.2   5159 A337
12.02.2024 12:44:05  *01n 20 100TL 4  522.2  2.96  1548  528.4  1.50   796  232.6  3.39  233.7  3.40  234.6  3.33  2345  2302 1.000  40.3   5172 3DC9
12.02.2024 12:44:25  *01n 20 100TL 4  516.1  3.36  1736  539.2  1.62   878  232.6  3.64  234.1  3.63  235.0  3.60  2615  2554 1.000  40.3   5185 58E5
12.02.2024 12:44:45  *01n 20 100TL 4  515.5  3.58  1847  539.4  1.81   979  232.9  3.93  234.3  3.91  235.3  3.89  2827  2795 1.000  40.3   5200 565C
12.02.2024 12:45:05  *01n 20 100TL 4  508.6  3.80  1934  541.2  1.88  1022  233.1  4.13  234.3  4.11  235.1  4.10  2957  2908 1.000  40.3   5215 BF2C
12.02.2024 12:45:25  *01n 20 100TL 4  518.8  3.76  1953  535.1  1.87  1004  233.4  4.37  233.8  4.37  235.1  4.32  2957  2989 1.000  40.3   5232 1BA1
12.02.2024 12:45:45  *01n 20 100TL 4  513.7  4.09  2105  536.1  2.00  1075  232.6  4.57  234.5  4.58  235.2  4.52  3181  3134 1.000  40.3   5249 AC90
12.02.2024 12:46:05  *01n 20 100TL 4  508.5  4.28  2177  540.9  2.13  1158  232.3  4.62  234.4  4.60  234.9  4.57  3335  3260 1.000  40.3   5267 0203
12.02.2024 12:46:25  *01n 20 100TL 4  503.3  4.53  2282  551.0  2.12  1168  232.5  5.13  234.1  5.12  235.1  5.09  3451  3471 1.000  40.3   5286 225D
12.02.2024 12:46:45  *01n 20 100TL 4  503.6  4.86  2447  550.5  2.37  1310  232.7  5.47  234.7  5.49  235.5  5.43  3758  3784 1.000  40.3   5306 5B3B
12.02.2024 12:47:05  *01n 20 100TL 4  508.1  5.34  2716  545.7  2.60  1425  232.9  5.98  234.7  5.96  235.3  5.95  4141  4093 1.000  40.3   5329 67AA
12.02.2024 12:47:25  *01n 20 100TL 4  514.5  5.22  2687  544.6  2.53  1383  232.6  5.91  234.8  5.93  235.4  5.87  4071  4100 1.000  40.3   5351 29B3
12.02.2024 12:47:45  *01n 20 100TL 4  506.9  5.43  2755  538.3  2.61  1406  232.8  5.83  234.8  5.80  235.6  5.82  4162  4065 1.000  40.3   5374 F884
12.02.2024 12:48:05  *01n 20 100TL 4  507.7  5.20  2645  516.3  2.60  1344  233.0  5.55  234.8  5.53  235.3  5.54  3990  3773 1.000  40.4   5388 4982
12.02.2024 12:48:25  *01n 20 100TL 4  512.1  2.87  1474  500.4  1.55   778  232.7  3.41  234.6  3.40  235.3  3.38  2252  2063 1.000  40.4   5401 11AB
12.02.2024 12:48:45  *01n 20 100TL 4  513.7  5.05  2594  514.6  2.52  1301  233.5  5.60  234.3  5.58  235.1  5.59  3895  3828 1.000  40.4   5421 1836
12.02.2024 12:49:05  *01n 20 100TL 4  510.7  5.44  2778  503.9  2.75  1391  233.0  5.95  234.6  5.95  235.2  5.91  4170  4124 1.000  40.4   5440 E1B8
12.02.2024 12:49:25  *01n 20 100TL 4  513.0  5.48  2813  531.5  2.74  1458  232.6  6.01  234.4  6.00  235.1  5.98  4272  4161 1.000  40.4   5462 D433
12.02.2024 12:49:45  *01n 20 100TL 4  513.3  5.44  2793  542.3  2.64  1434  232.5  5.92  234.6  5.93  235.2  5.88  4228  4190 1.000  40.4   5485 99B4
12.02.2024 12:50:06  *01n 20 100TL 4  508.3  5.39  2746  542.4  2.67  1451  232.7  5.95  234.5  5.96  235.3  5.90  4197  4110 1.000  40.4   5508 F2FB
12.02.2024 12:50:26  *01n 20 100TL 4  521.2  4.37  2282  561.3  2.04  1149  232.8  5.18  234.4  5.17  235.3  5.15  3431  3422 1.000  40.4   5527 1911
12.02.2024 12:50:46  *01n 20 100TL 4  515.8  3.56  1840  562.7  1.62   915  232.6  4.05  234.1  4.04  234.7  4.00  2755  2784 1.000  40.4   5548 BCA8
12.02.2024 12:51:06  *01n 20 100TL 4  518.3  2.29  1191  549.7  1.11   610  232.7  2.56  234.2  2.55  234.8  2.52  1802  1789 1.000  40.4   5562 735A
12.02.2024 12:51:26  *01n 20 100TL 4  500.6  2.39  1197  528.6  1.14   604  233.0  2.68  234.6  2.69  235.2  2.64  1802  1782 1.000  40.4   5571 42C4
12.02.2024 12:51:46  *01n 20 100TL 4  504.2  2.59  1309  546.2  1.13   619  233.0  2.82  234.6  2.83  235.3  2.80  1928  1832 1.000  40.4   5581 B424
12.02.2024 12:52:06  *01n 20 100TL 4  499.0  3.54  1765  545.4  1.69   923  233.3  3.95  234.6  3.97  235.4  3.91  2688  2752 1.000  40.5   5593 F4B3
12.02.2024 12:52:26  *01n 20 100TL 4  499.0  5.44  2717  533.6  2.71  1446  233.6  6.00  234.8  6.00  235.4  5.97  4164  4109 1.000  40.5   5613 1106
12.02.2024 12:52:46  *01n 20 100TL 4  508.8  5.52  2812  539.4  2.69  1454  233.6  5.94  234.7  5.96  235.3  5.89  4266  4121 1.000  40.5   5635 0BFA
12.02.2024 12:53:06  *01n 20 100TL 4  513.3  5.20  2673  547.2  2.50  1371  233.6  5.70  233.9  5.71  235.5  5.69  4045  4002 1.000  40.5   5658 1564
12.02.2024 12:53:26  *01n 20 100TL 4  509.1  5.03  2563  547.3  2.46  1351  233.3  5.47  234.4  5.45  235.1  5.44  3915  3855 1.000  40.5   5680 7AE3
12.02.2024 12:53:46  *01n 20 100TL 4  504.3  5.23  2638  529.3  2.54  1347  232.8  5.73  234.2  5.73  234.9  5.72  3985  3923 1.000  40.5   5702 F8DF
12.02.2024 12:54:06  *01n 20 100TL 4  509.5  5.52  2815  537.8  2.68  1440  232.8  5.91  234.2  5.90  234.9  5.89  4255  4130 1.000  40.5   5724 D711
12.02.2024 12:54:26  *01n 20 100TL 4  504.2  5.44  2746  548.2  2.65  1454  232.9  5.82  234.0  5.79  234.7  5.79  4200  4110 1.000  40.5   5746 8BFC
12.02.2024 12:54:46  *01n 20 100TL 4  509.0  5.13  2612  556.1  2.37  1321  232.6  5.70  233.8  5.69  234.6  5.69  3933  3894 1.000  40.5   5768 CBF9
12.02.2024 12:55:06  *01n 20 100TL 4  506.9  5.11  2592  545.0  2.40  1310  233.0  5.44  233.7  5.42  234.9  5.41  3903  3842 1.000  40.6   5790 DF89
12.02.2024 12:55:26  *01n 20 100TL 4  501.7  2.82  1417  545.3  1.31   717  232.4  3.08  233.4  3.08  234.3  3.04  2134  2056 1.000  40.6   5807 5611
12.02.2024 12:55:46  *01n 20 100TL 4  478.8  5.56  2665  542.0  2.66  1445  232.7  5.88  233.4  5.86  234.7  5.87  4110  4013 1.000  40.6   5824 937B
12.02.2024 12:56:06  *01n 20 100TL 4  487.6  3.12  1522  536.3  1.38   741  232.7  3.49  233.2  3.48  234.6  3.46  2264  2323 1.000  40.6   5844 342D
12.02.2024 12:56:26  *01n 20 100TL 4  485.6  2.62  1275  533.7  1.20   643  232.1  2.82  233.3  2.81  234.3  2.79  1919  1963 1.000  40.6   5855 A384
12.02.2024 12:56:47  *01n 20 100TL 4  505.4  2.54  1287  528.6  1.24   656  232.7  2.97  232.9  2.96  234.6  2.90  1943  1992 1.000  40.6   5866 5AA8
12.02.2024 12:57:07  *01n 20 100TL 4  504.8  2.64  1335  527.7  1.24   654  232.2  2.95  233.2  2.94  233.9  2.89  1989  1963 1.000  40.6   5878 721E
12.02.2024 12:57:27  *01n 20 100TL 4  494.4  2.71  1341  517.0  1.30   674  231.8  3.14  233.1  3.13  233.8  3.10  2015  2058 1.000  40.6   5889 AFB7
12.02.2024 12:57:47  *01n 20 100TL 4  501.7  2.85  1434  536.8  1.36   732  232.0  3.39  233.3  3.39  233.7  3.37  2166  2255 1.000  40.6   5901 9453
12.02.2024 12:58:07  *01n 20 100TL 4  503.7  2.50  1260  532.9  1.13   605  231.8  2.91  232.9  2.90  233.6  2.89  1866  1910 1.000  40.6   5913 7A9D
12.02.2024 12:58:27  *01n 20 100TL 4  494.7  2.61  1293  525.0  1.19   628  231.9  2.79  233.1  2.78  234.0  2.76  1922  1858 1.000  40.7   5923 65F5
12.02.2024 12:58:47  *01n 20 100TL 4  503.8  2.56  1292  529.4  1.25   662  232.0  2.65  233.0  2.65  233.9  2.61  1954  1861 1.000  40.7   5933 43DE
12.02.2024 12:59:07  *01n 20 100TL 4  504.1  2.39  1210  539.4  1.09   588  231.9  2.67  233.1  2.67  233.9  2.63  1799  1860 1.000  40.7   5944 8EBB
12.02.2024 12:59:27  *01n 20 100TL 4  503.8  2.84  1432  539.0  1.26   680  232.0  3.06  233.3  3.05  234.2  3.04  2113  2040 1.000  40.7   5954 9538
12.02.2024 12:59:47  *01n 20 100TL 4  494.1  2.71  1342  528.4  1.32   701  232.3  3.12  233.4  3.11  234.3  3.10  2044  2038 1.000  40.7   5966 BEC5
12.02.2024 13:00:07  *01n 20 100TL 4  512.8  2.39  1225  549.7  1.09   605  232.0  2.59  233.1  2.59  233.9  2.56  1831  1750 1.000  40.7   5976 FFB4
12.02.2024 13:00:27  *01n 20 100TL 4  503.4  2.31  1165  538.6  1.01   547  232.3  2.42  232.5  2.40  233.5  2.39  1713  1675 1.000  40.7   5986 E173
12.02.2024 13:00:47  *01n 20 100TL 4  500.4  2.36  1185  526.8  1.11   582  231.7  2.53  232.7  2.49  233.8  2.49  1768  1663 1.000  40.7   5995 D7C2
12.02.2024 13:01:07  *01n 20 100TL 4  494.9  2.13  1054  526.4  1.01   537  231.5  2.46  232.7  2.44  233.6  2.42  1591  1678 1.000  40.7   6005 E287
12.02.2024 13:01:27  *01n 20 100TL 4  493.0  2.20  1084  528.4  0.97   514  231.4  2.49  232.2  2.49  234.0  2.45  1599  1585 1.000  40.7   6014 E140
12.02.2024 13:01:47  *01n 20 100TL 4  501.4  2.16  1083  537.1  0.97   526  231.5  2.38  232.9  2.37  233.8  2.30  1609  1550 1.000  40.7   6022 62DE
12.02.2024 13:02:07  *01n 20 100TL 4  502.6  1.98   999  527.2  0.94   498  231.5  2.38  232.8  2.38  233.7  2.34  1498  1550 1.000  40.7   6031 9E1F
12.02.2024 13:02:27  *01n 20 100TL 4  502.0  2.13  1071  536.5  0.97   526  231.4  2.41  232.7  2.41  233.6  2.36  1597  1570 1.000  40.7   6040 FD14
12.02.2024 13:02:47  *01n 20 100TL 4  491.6  2.36  1164  548.5  1.01   561  231.4  2.39  232.7  2.36  233.7  2.34  1725  1634 1.000  40.7   6049 B3C9
12.02.2024 13:03:08  *01n 20 100TL 4  513.3  2.24  1152  538.8  1.04   563  231.3  2.77  232.7  2.75  233.6  2.72  1715  1809 1.000  40.7   6059 3F2E
12.02.2024 13:03:28  *01n 20 100TL 4  505.6  2.06  1043  534.3  0.96   514  231.5  2.55  232.5  2.54  233.6  2.52  1557  1631 1.000  40.7   6068 15C3
12.02.2024 13:03:48  *01n 20 100TL 4  505.0  2.24  1130  538.1  0.97   526  231.4  2.42  232.4  2.39  233.5  2.40  1657  1580 1.000  40.7   6077 73AB
12.02.2024 13:04:07  *01n 20 100TL 4  503.1  2.26  1141  537.3  1.02   550  231.0  2.42  232.3  2.40  233.1  2.39  1692  1586 1.000  40.7   6086 8270
12.02.2024 13:04:28  *01n 20 100TL 4  501.1  2.20  1106  536.0  1.00   540  230.8  2.40  232.2  2.38  233.3  2.35  1646  1617 1.000  40.7   6095 AFF5
12.02.2024 13:04:48  *01n 20 100TL 4  500.4  2.22  1115  534.9  0.97   521  231.1  2.45  232.0  2.44  233.5  2.44  1637  1620 1.000  40.7   6104 0649
12.02.2024 13:05:08  *01n 20 100TL 4  508.6  2.15  1098  535.6  1.04   558  231.0  2.59  232.1  2.58  233.3  2.55  1657  1632 1.000  40.7   6113 59C5
12.02.2024 13:05:28  *01n 20 100TL 4  504.2  2.08  1052  530.5  0.98   521  232.1  2.41  231.3  2.40  232.5  2.38  1574  1637 1.000  40.7   6122 D4F4
12.02.2024 13:05:48  *01n 20 100TL 4  504.0  2.23  1124  536.9  1.01   544  230.8  2.36  232.0  2.35  233.1  2.32  1669  1644 1.000  40.7   6131 3CF1
12.02.2024 13:06:08  *01n 20 100TL 4  504.0  2.18  1100  535.5  0.97   526  230.8  2.53  232.0  2.53  233.0  2.48  1626  1646 1.000  40.7   6140 762A
12.02.2024 13:06:28  *01n 20 100TL 4  504.9  2.16  1094  543.8  1.01   552  230.8  2.55  232.0  2.54  233.2  2.53  1646  1644 1.000  40.7   6150 AE13
12.02.2024 13:06:48  *01n 20 100TL 4  501.3  2.24  1127  534.3  0.99   532  231.2  2.46  231.5  2.45  232.8  2.45  1660  1640 1.000  40.7   6159 D736
12.02.2024 13:07:08  *01n 20 100TL 4  505.7  2.19  1107  534.1  1.01   541  230.8  2.55  231.8  2.53  233.3  2.52  1649  1638 1.000  40.7   6168 4259
12.02.2024 13:07:28  *01n 20 100TL 4  505.6  2.18  1106  533.7  1.03   555  230.5  2.56  232.0  2.55  233.0  2.53  1661  1640 1.000  40.7   6177 CDC6
12.02.2024 13:07:48  *01n 20 100TL 4  512.2  2.05  1048  538.4  0.97   521  230.8  2.53  231.8  2.52  233.0  2.48  1570  1640 1.000  40.7   6186 EA5E
12.02.2024 13:08:08  *01n 20 100TL 4  502.2  2.37  1191  538.2  1.03   560  230.7  2.50  231.7  2.48  232.9  2.49  1751  1646 1.000  40.7   6195 0D30
12.02.2024 13:08:28  *01n 20 100TL 4  511.8  2.12  1084  537.8  1.00   538  231.0  2.43  231.4  2.41  232.4  2.38  1623  1658 1.000  40.7   6204 A00F
12.02.2024 13:08:48  *01n 20 100TL 4  491.8  2.27  1116  559.1  0.97   547  230.6  2.64  231.8  2.65  232.6  2.60  1664  1730 1.000  40.7   6214 3E68
12.02.2024 13:09:09  *01n 20 100TL 4  501.4  2.61  1309  559.7  1.12   631  230.6  3.07  231.8  3.08  232.8  3.04  1940  2001 1.000  40.7   6224 EE2C
12.02.2024 13:09:29  *01n 20 100TL 4  511.0  2.71  1387  545.7  1.26   692  230.6  2.88  231.6  2.86  232.6  2.84  2079  1997 1.000  40.7   6236 C04F
12.02.2024 13:09:49  *01n 20 100TL 4  509.4  2.63  1341  558.2  1.16   651  230.6  3.03  232.0  3.03  232.7  3.00  1992  1966 1.000  40.7   6246 D655
12.02.2024 13:10:09  *01n 20 100TL 4  510.5  2.80  1432  558.6  1.26   704  230.8  3.05  232.0  3.03  232.9  3.00  2137  2111 1.000  40.7   6257 955F
12.02.2024 13:10:29  *01n 20 100TL 4  510.1  2.79  1426  546.8  1.28   703  230.7  2.99  231.9  2.98  232.7  2.95  2130  2061 1.000  40.7   6269 4914
12.02.2024 13:10:49  *01n 20 100TL 4  521.1  2.83  1477  535.8  1.39   746  230.4  3.05  231.7  3.04  232.6  3.01  2223  2124 1.000  40.7   6281 79D6
12.02.2024 13:11:09  *01n 20 100TL 4  516.9  2.82  1460  557.3  1.33   746  230.5  3.27  231.9  3.26  232.9  3.24  2206  2272 1.000  40.7   6293 F8E4
12.02.2024 13:11:29  *01n 20 100TL 4  512.7  3.11  1599  545.4  1.43   781  230.7  3.38  231.9  3.37  232.7  3.32  2380  2265 1.000  40.7   6306 C05D
12.02.2024 13:11:49  *01n 20 100TL 4  517.8  2.96  1536  545.8  1.46   801  231.1  3.42  231.8  3.42  233.2  3.36  2337  2311 1.000  40.7   6318 4269
12.02.2024 13:12:09  *01n 20 100TL 4  524.7  3.07  1615  545.8  1.55   851  231.5  3.67  231.6  3.66  232.8  3.65  2467  2442 1.000  40.7   6331 F8BD
12.02.2024 13:12:29  *01n 20 100TL 4  523.8  3.48  1824  546.9  1.69   926  230.9  3.78  232.2  3.76  233.1  3.73  2751  2647 1.000  40.7   6345 CCAA
12.02.2024 13:12:49  *01n 20 100TL 4  526.9  2.97  1568  555.2  1.43   796  230.7  3.71  231.8  3.69  232.7  3.68  2365  2435 1.000  40.7   6360 F545
12.02.2024 13:13:09  *01n 20 100TL 4  520.7  3.21  1675  543.8  1.61   877  230.8  3.85  232.1  3.85  232.8  3.84  2552  2589 1.000  40.7   6374 B0C5
12.02.2024 13:13:29  *01n 20 100TL 4  517.7  3.62  1875  532.6  1.73   921  230.8  4.02  231.5  4.02  232.6  3.99  2796  2781 1.000  40.7   6388 E430
12.02.2024 13:13:49  *01n 20 100TL 4  521.1  3.48  1817  553.6  1.64   910  230.6  4.05  231.8  4.04  232.5  4.02  2728  2722 1.000  40.7   6405 2878
12.02.2024 13:14:09  *01n 20 100TL 4  520.5  2.44  1275  554.3  1.16   646  230.4  2.78  231.9  2.77  232.4  2.72  1922  1829 1.000  40.7   6417 83C7
12.02.2024 13:14:29  *01n 20 100TL 4  503.8  2.47  1246  546.3  1.15   630  230.4  2.74  231.7  2.73  232.3  2.71  1876  1782 1.000  40.7   6426 EAA2
12.02.2024 13:14:49  *01n 20 100TL 4  503.6  2.22  1124  533.8  0.99   531  230.6  2.76  231.7  2.74  232.7  2.71  1655  1738 1.000  40.7   6436 F98C
12.02.2024 13:15:09  *01n 20 100TL 4  503.6  2.31  1165  533.1  1.08   575  230.6  2.62  231.7  2.59  232.5  2.56  1741  1692 1.000  40.7   6446 0275
12.02.2024 13:15:29  *01n 20 100TL 4  503.5  2.26  1139  533.9  1.08   578  230.5  2.39  231.8  2.38  232.6  2.34  1718  1649 1.000  40.7   6455 C4A7
12.02.2024 13:15:50  *01n 20 100TL 4  503.2  2.05  1033  533.6  0.90   482  230.9  2.54  231.7  2.52  232.8  2.52  1515  1609 1.000  40.7   6464 7E17
12.02.2024 13:16:10  *01n 20 100TL 4  503.2  2.09  1057  533.8  0.98   526  230.6  2.27  232.1  2.28  232.6  2.23  1583  1564 1.000  40.7   6473 6E84
12.02.2024 13:16:30  *01n 20 100TL 4  502.8  2.08  1046  536.6  0.97   524  230.4  2.42  231.9  2.39  232.5  2.38  1571  1535 1.000  40.7   6481 C56C
12.02.2024 13:16:50  *01n 20 100TL 4  502.7  2.01  1013  536.4  0.90   488  230.7  2.31  232.0  2.31  232.5  2.25  1501  1496 1.000  40.7   6490 B2D3
12.02.2024 13:17:10  *01n 20 100TL 4  502.5  1.97   993  525.6  0.86   456  230.5  2.28  231.8  2.28  232.4  2.24  1449  1466 1.000  40.7   6498 259D
12.02.2024 13:17:30  *01n 20 100TL 4  502.5  2.04  1026  536.3  0.95   511  230.7  2.24  231.8  2.25  232.4  2.19  1538  1457 1.000  40.7   6507 ADFB
12.02.2024 13:17:50  *01n 20 100TL 4  501.7  1.98   997  536.0  0.86   463  230.9  2.23  232.1  2.24  232.6  2.18  1461  1443 1.000  40.7   6515 0697
12.02.2024 13:18:10  *01n 20 100TL 4  501.3  1.94   978  535.7  0.86   462  230.8  2.31  232.3  2.30  232.7  2.28  1440  1431 1.000  40.6   6523 0058
12.02.2024 13:18:30  *01n 20 100TL 4  511.4  1.96  1005  535.5  0.93   497  231.0  2.08  232.5  2.07  232.8  2.05  1503  1417 1.000  40.7   6531 1618
12.02.2024 13:18:50  *01n 20 100TL 4  509.6  1.78   912  535.7  0.84   454  231.2  2.10  232.6  2.08  233.1  2.07  1367  1411 1.000  40.7   6538 463C
12.02.2024 13:19:10  *01n 20 100TL 4  512.5  1.97  1014  535.2  0.89   479  231.4  2.17  232.6  2.17  233.0  2.11  1493  1403 1.000  40.7   6546 A869
12.02.2024 13:19:30  *01n 20 100TL 4  500.0  1.93   967  535.0  0.83   444  231.2  2.20  232.4  2.20  233.0  2.15  1411  1411 1.000  40.7   6554 33F1
12.02.2024 13:19:50  *01n 20 100TL 4  520.8  1.87   978  524.0  0.93   491  231.4  2.27  232.4  2.28  233.0  2.24  1469  1472 1.000  40.7   6562 CDC3
12.02.2024 13:20:10  *01n 20 100TL 4  509.0  2.24  1142  534.5  1.00   538  231.2  2.65  232.2  2.63  232.9  2.63  1681  1690 1.000  40.6   6571 99D7
12.02.2024 13:20:30  *01n 20 100TL 4  520.2  2.35  1225  523.3  1.13   593  231.0  2.64  232.3  2.61  232.8  2.61  1818  1727 1.000  40.7   6582 C0D4
12.02.2024 13:20:50  *01n 20 100TL 4  509.5  2.23  1138  543.9  1.03   563  230.7  2.51  232.3  2.49  232.8  2.48  1701  1644 1.000  40.6   6591 7F9F
12.02.2024 13:21:10  *01n 20 100TL 4  507.1  1.88   953  545.5  0.85   466  230.7  2.32  232.0  2.29  232.7  2.28  1420  1474 1.000  40.7   6599 E266
12.02.2024 13:21:30  *01n 20 100TL 4  508.1  2.04  1037  533.8  0.89   476  230.9  2.15  231.9  2.13  232.3  2.12  1513  1431 1.000  40.6   6607 F203
12.02.2024 13:21:50  *01n 20 100TL 4  501.2  2.02  1014  532.5  0.92   492  230.8  2.11  231.9  2.10  232.4  2.08  1507  1403 1.000  40.7   6615 88EB
12.02.2024 13:22:10  *01n 20 100TL 4  500.1  1.90   953  532.4  0.86   462  230.9  2.16  232.1  2.15  232.5  2.10  1416  1390 1.000  40.6   6624 FD50
12.02.2024 13:22:30  *01n 20 100TL 4  509.6  1.78   909  532.2  0.77   413  230.8  2.24  232.1  2.24  232.4  2.22  1322  1399 1.000  40.6   6631 D393
12.02.2024 13:22:51  *01n 20 100TL 4  507.3  1.99  1011  532.2  0.92   494  230.6  2.19  231.9  2.17  232.3  2.16  1506  1405 1.000  40.6   6639 C18A
12.02.2024 13:23:11  *01n 20 100TL 4  512.8  1.82   935  540.8  0.86   463  230.7  2.22  231.2  2.20  232.0  2.19  1399  1394 1.000  40.6   6646 8CD3
12.02.2024 13:23:31  *01n 20 100TL 4  512.7  1.82   938  532.9  0.83   444  230.3  2.09  231.4  2.07  231.8  2.05  1382  1382 1.000  40.6   6654 7310
12.02.2024 13:23:51  *01n 20 100TL 4  503.2  1.86   935  532.3  0.81   434  230.7  2.12  231.5  2.10  231.9  2.09  1370  1374 1.000  40.6   6662 E3B0
12.02.2024 13:24:11  *01n 20 100TL 4  502.5  1.89   950  532.2  0.87   468  230.4  2.12  231.5  2.11  232.0  2.09  1419  1358 1.000  40.6   6670 A903
12.02.2024 13:24:31  *01n 20 100TL 4  511.6  1.87   959  531.6  0.84   451  230.6  2.14  231.4  2.12  231.9  2.08  1411  1351 1.000  40.6   6677 09BB
12.02.2024 13:24:51  *01n 20 100TL 4  503.2  1.84   929  540.1  0.79   427  230.5  2.10  231.3  2.09  232.0  2.04  1356  1335 1.000  40.6   6685 42A0
12.02.2024 13:25:11  *01n 20 100TL 4  504.1  1.72   866  530.9  0.78   415  230.4  2.08  231.4  2.07  232.1  2.03  1281  1324 1.000  40.6   6692 EAFA
12.02.2024 13:25:31  *01n 20 100TL 4  511.3  1.69   869  535.1  0.79   428  230.6  1.96  231.3  1.94  232.2  1.91  1298  1321 1.000  40.6   6700 6AD9
12.02.2024 13:25:51  *01n 20 100TL 4  501.1  1.89   952  534.9  0.83   445  230.6  2.07  231.3  2.05  232.1  2.01  1397  1312 1.000  40.6   6707 5B3F
12.02.2024 13:26:11  *01n 20 100TL 4  511.1  1.89   967  544.6  0.81   444  230.6  2.10  231.2  2.08  231.8  2.04  1411  1319 1.000  40.6   6714 D4F4
12.02.2024 13:26:31  *01n 20 100TL 4  510.8  1.85   949  542.2  0.86   466  230.9  2.08  230.6  2.07  231.7  2.03  1416  1324 1.000  40.6   6722 F6D6
12.02.2024 13:26:51  *01n 20 100TL 4  500.2  1.92   964  537.8  0.83   447  230.4  1.95  231.3  1.93  231.9  1.91  1411  1319 1.000  40.6   6729 F134
12.02.2024 13:27:11  *01n 20 100TL 4  511.7  1.80   927  538.2  0.79   427  230.5  2.10  231.4  2.09  232.2  2.09  1355  1342 1.000  40.6   6737 4F67
12.02.2024 13:27:31  *01n 20 100TL 4  499.7  1.84   920  533.6  0.83   445  230.5  2.03  231.2  2.01  232.1  2.01  1365  1336 1.000  40.6   6744 4F20
12.02.2024 13:27:51  *01n 20 100TL 4  499.5  1.88   941  533.1  0.86   460  230.4  2.10  231.2  2.11  232.0  2.03  1402  1344 1.000  40.6   6751 D1C6
12.02.2024 13:28:11  *01n 20 100TL 4  509.3  1.89   967  532.9  0.81   434  230.3  2.19  231.0  2.19  231.9  2.16  1402  1370 1.000  40.6   6759 1F7D
12.02.2024 13:28:31  *01n 20 100TL 4  518.9  1.87   971  532.6  0.87   465  230.3  2.18  231.0  2.19  232.2  2.13  1437  1376 1.000  40.6   6766 5F12
12.02.2024 13:28:51  *01n 20 100TL 4  518.8  1.89   985  532.4  0.91   486  230.4  2.17  231.2  2.15  232.1  2.13  1472  1397 1.000  40.5   6775 7B8E
12.02.2024 13:29:11  *01n 20 100TL 4  518.3  1.85   959  542.9  0.84   457  230.3  2.20  231.2  2.19  232.2  2.14  1417  1419 1.000  40.5   6782 F39A
12.02.2024 13:29:31  *01n 20 100TL 4  508.0  1.97  1005  542.6  0.90   491  230.3  2.21  231.3  2.20  232.2  2.20  1496  1451 1.000  40.5   6790 D13C
12.02.2024 13:29:52  *01n 20 100TL 4  508.4  1.95   996  541.3  0.91   495  230.4  2.20  231.2  2.17  232.1  2.18  1492  1475 1.000  40.5   6798 258D
12.02.2024 13:30:12  *01n 20 100TL 4  516.7  2.09  1081  531.9  0.95   509  230.5  2.29  231.3  2.26  232.2  2.25  1591  1509 1.000  40.5   6806 40FB
12.02.2024 13:30:32  *01n 20 100TL 4  507.3  2.18  1109  542.2  0.95   520  230.6  2.30  231.6  2.29  232.5  2.28  1629  1548 1.000  40.5   6815 F4BE
12.02.2024 13:30:52  *01n 20 100TL 4  525.6  2.02  1063  551.5  0.94   520  230.5  2.33  231.4  2.30  232.2  2.30  1583  1574 1.000  40.5   6824 872D
12.02.2024 13:31:12  *01n 20 100TL 4  507.5  2.08  1055  551.4  0.92   508  230.4  2.43  231.4  2.44  232.2  2.38  1564  1591 1.000  40.5   6833 AC1F
12.02.2024 13:31:32  *01n 20 100TL 4  518.1  2.25  1168  540.4  1.01   546  230.4  2.32  231.4  2.31  232.4  2.27  1715  1600 1.000  40.5   6842 C7AB
12.02.2024 13:31:52  *01n 20 100TL 4  514.9  2.13  1097  540.6  1.01   547  230.3  2.46  231.1  2.48  232.1  2.43  1644  1623 1.000  40.5   6851 5E24
12.02.2024 13:32:12  *01n 20 100TL 4  521.1  2.13  1112  542.3  1.02   558  229.9  2.38  231.0  2.38  232.0  2.34  1670  1649 1.000  40.5   6860 6180
12.02.2024 13:32:32  *01n 20 100TL 4  509.5  2.36  1205  548.8  1.05   582  230.4  2.54  231.1  2.53  232.2  2.48  1788  1676 1.000  40.5   6869 88B0
12.02.2024 13:32:52  *01n 20 100TL 4  517.9  2.26  1174  540.1  1.02   553  230.5  2.61  231.3  2.62  232.3  2.56  1728  1712 1.000  40.5   6878 CA63
12.02.2024 13:33:12  *01n 20 100TL 4  516.3  2.27  1177  550.9  1.07   592  230.5  2.67  231.1  2.67  232.2  2.63  1770  1744 1.000  40.5   6888 1646
12.02.2024 13:33:32  *01n 20 100TL 4  524.4  2.38  1252  539.2  1.12   610  230.6  2.54  231.2  2.52  232.4  2.49  1863  1765 1.000  40.5   6898 EF4E
12.02.2024 13:33:52  *01n 20 100TL 4  504.4  2.44  1234  538.4  1.11   601  231.3  2.71  230.7  2.68  233.0  2.69  1835  1797 1.000  40.5   6908 B5B5
12.02.2024 13:34:12  *01n 20 100TL 4  518.6  2.29  1191  550.6  1.06   587  230.9  2.86  231.3  2.85  232.6  2.83  1779  1849 1.000  40.5   6918 5544
12.02.2024 13:34:32  *01n 20 100TL 4  520.7  2.34  1220  539.1  1.15   621  231.0  2.91  231.4  2.89  232.9  2.88  1841  1905 1.000  40.5   6928 BC94
12.02.2024 13:34:52  *01n 20 100TL 4  511.6  2.56  1313  548.7  1.15   631  230.9  2.99  231.4  2.99  232.7  2.96  1945  1925 1.000  40.5   6939 952B
12.02.2024 13:35:12  *01n 20 100TL 4  514.8  2.67  1377  537.6  1.27   688  231.0  2.96  231.5  2.94  232.8  2.94  2066  1954 1.000  40.5   6950 38B0
12.02.2024 13:35:32  *01n 20 100TL 4  513.4  2.63  1353  536.8  1.25   672  230.7  3.07  231.1  3.04  232.5  3.04  2026  1994 1.000  40.5   6961 5ABC
12.02.2024 13:35:53  *01n 20 100TL 4  513.2  2.63  1353  547.4  1.21   663  230.8  2.90  231.1  2.88  232.4  2.86  2017  2006 1.000  40.5   6972 8AAA
12.02.2024 13:36:13  *01n 20 100TL 4  522.3  2.63  1374  536.2  1.27   685  230.5  3.08  231.0  3.09  232.4  3.03  2059  2055 1.000  40.5   6984 78A4
12.02.2024 13:36:33  *01n 20 100TL 4  512.7  2.63  1348  546.7  1.25   686  230.7  2.96  231.2  2.97  232.4  2.93  2035  1979 1.000  40.5   6995 B828
12.02.2024 13:36:53  *01n 20 100TL 4  508.6  2.64  1345  547.7  1.22   672  230.6  2.93  231.2  2.95  232.5  2.88  2018  1950 1.000  40.5   7005 0959
12.02.2024 13:37:13  *01n 20 100TL 4  508.1  2.48  1261  536.8  1.13   608  230.9  2.95  231.2  2.94  232.8  2.90  1870  1947 1.000  40.5   7017 6D69
12.02.2024 13:37:33  *01n 20 100TL 4  518.5  2.48  1290  537.2  1.22   659  231.1  2.89  231.4  2.87  232.6  2.88  1950  1919 1.000  40.5   7027 E348
12.02.2024 13:37:53  *01n 20 100TL 4  514.4  2.47  1274  544.3  1.19   650  231.0  2.84  231.3  2.84  232.9  2.78  1924  1878 1.000  40.5   7038 12E5
12.02.2024 13:38:13  *01n 20 100TL 4  512.8  2.47  1268  544.2  1.10   599  231.2  2.71  231.4  2.70  233.0  2.66  1867  1792 1.000  40.5   7048 D47C
12.02.2024 13:38:33  *01n 20 100TL 4  512.6  2.34  1205  544.7  1.10   599  231.0  2.48  231.3  2.48  232.8  2.44  1805  1718 1.000  40.5   7058 CC2E
12.02.2024 13:38:53  *01n 20 100TL 4  515.9  2.19  1133  540.0  1.06   575  230.9  2.55  231.1  2.55  232.8  2.54  1709  1702 1.000  40.5   7067 34C5
12.02.2024 13:39:13  *01n 20 100TL 4  505.8  2.18  1103  539.7  0.99   538  230.8  2.54  231.1  2.53  232.7  2.52  1641  1693 1.000  40.5   7077 EAB7
12.02.2024 13:39:33  *01n 20 100TL 4  515.7  2.22  1147  531.9  1.00   535  230.8  2.54  231.1  2.54  232.7  2.49  1683  1655 1.000  40.5   7086 137D
12.02.2024 13:39:53  *01n 20 100TL 4  505.7  2.18  1104  535.2  1.04   555  230.7  2.61  231.1  2.60  232.7  2.58  1660  1646 1.000  40.5   7095 D952
12.02.2024 13:40:13  *01n 20 100TL 4  516.0  2.04  1052  543.2  0.91   500  230.5  2.50  230.9  2.49  232.5  2.45  1553  1641 1.000  40.5   7104 7D92
12.02.2024 13:40:33  *01n 20 100TL 4  515.8  2.16  1116  534.8  0.98   527  230.8  2.49  231.4  2.48  232.8  2.44  1644  1637 1.000  40.5   7114 E0D9
12.02.2024 13:40:53  *01n 20 100TL 4  516.0  2.01  1039  542.8  0.95   521  230.9  2.56  231.6  2.56  232.9  2.53  1560  1634 1.000  40.5   7123 1818
12.02.2024 13:41:13  *01n 20 100TL 4  513.8  2.25  1155  538.3  1.07   581  230.7  2.60  231.4  2.60  233.1  2.56  1736  1647 1.000  40.5   7132 055C
12.02.2024 13:41:33  *01n 20 100TL 4  514.3  2.18  1124  548.8  0.97   537  231.0  2.37  231.3  2.36  232.8  2.33  1661  1632 1.000  40.5   7141 0927
12.02.2024 13:41:53  *01n 20 100TL 4  514.0  2.12  1092  537.7  0.97   521  231.0  2.49  231.3  2.49  233.1  2.44  1614  1625 1.000  40.5   7150 C25C
12.02.2024 13:42:13  *01n 20 100TL 4  513.0  2.21  1139  537.4  1.06   569  231.0  2.55  231.5  2.56  233.0  2.53  1709  1628 1.000  40.5   7159 CF98
12.02.2024 13:42:33  *01n 20 100TL 4  502.9  2.12  1069  537.2  0.93   505  230.7  2.55  231.1  2.55  232.7  2.52  1574  1617 1.000  40.5   7168 4C1E
12.02.2024 13:42:54  *01n 20 100TL 4  502.5  2.09  1054  526.8  0.95   502  231.7  2.54  231.3  2.55  232.3  2.52  1556  1605 1.000  40.5   7177 641F
12.02.2024 13:43:14  *01n 20 100TL 4  502.4  2.24  1129  538.3  1.06   575  231.1  2.32  231.3  2.31  233.2  2.29  1704  1605 1.000  40.5   7186 FD80
12.02.2024 13:43:34  *01n 20 100TL 4  511.8  2.14  1097  536.6  1.01   541  231.2  2.33  231.7  2.30  233.0  2.28  1638  1612 1.000  40.5   7195 474E
12.02.2024 13:43:54  *01n 20 100TL 4  512.6  2.24  1149  536.3  1.01   544  231.4  2.38  231.4  2.34  233.1  2.32  1693  1608 1.000  40.5   7204 FB7D
12.02.2024 13:44:14  *01n 20 100TL 4  501.4  2.02  1014  535.4  0.95   512  230.8  2.45  231.7  2.46  232.6  2.38  1527  1596 1.000  40.5   7213 ACF8
12.02.2024 13:44:34  *01n 20 100TL 4  511.9  2.18  1115  535.6  1.00   538  231.1  2.49  231.7  2.47  232.8  2.47  1654  1631 1.000  40.5   7222 E5D0
12.02.2024 13:44:54  *01n 20 100TL 4  510.7  2.20  1127  546.0  0.97   534  231.6  2.35  231.4  2.33  233.1  2.30  1661  1637 1.000  40.5   7231 39D6
12.02.2024 13:45:14  *01n 20 100TL 4  511.4  2.28  1170  545.6  1.03   567  231.3  2.56  231.9  2.56  233.1  2.49  1738  1661 1.000  40.5   7240 3C51
12.02.2024 13:45:34  *01n 20 100TL 4  512.3  2.08  1068  544.7  0.96   529  231.4  2.45  232.0  2.43  233.2  2.44  1597  1602 1.000  40.5   7249 AC3A
12.02.2024 13:45:54  *01n 20 100TL 4  510.1  2.11  1081  544.8  0.96   524  231.4  2.40  232.4  2.41  233.4  2.40  1606  1594 1.000  40.5   7258 C9B5
12.02.2024 13:46:14  *01n 20 100TL 4  519.4  2.24  1164  534.6  1.01   543  231.6  2.48  232.3  2.46  233.4  2.42  1707  1596 1.000  40.5   7267 65B7
12.02.2024 13:46:34  *01n 20 100TL 4  519.6  2.21  1153  545.1  1.06   581  232.1  2.52  232.7  2.50  233.3  2.49  1734  1690 1.000  40.5   7276 AAF1
12.02.2024 13:46:54  *01n 20 100TL 4  500.1  2.85  1429  555.8  1.33   743  231.6  3.06  232.5  3.05  233.6  3.05  2172  2066 1.000  40.5   7287 E1FB
12.02.2024 13:47:14  *01n 20 100TL 4  499.8  2.72  1361  555.7  1.20   669  231.6  2.93  232.5  2.92  233.5  2.88  2030  1947 1.000  40.5   7298 4F27
12.02.2024 13:47:34  *01n 20 100TL 4  508.9  2.44  1245  544.1  1.17   636  231.8  2.63  232.6  2.61  233.5  2.59  1881  1789 1.000  40.5   7309 2890
12.02.2024 13:47:54  *01n 20 100TL 4  509.7  2.42  1235  544.7  1.16   634  232.2  2.71  232.3  2.67  233.7  2.67  1870  1782 1.000  40.5   7318 EFF5
12.02.2024 13:48:14  *01n 20 100TL 4  517.9  2.36  1223  532.8  1.10   587  231.6  2.76  232.7  2.75  233.6  2.74  1811  1794 1.000  40.5   7328 BAD5
12.02.2024 13:48:35  *01n 20 100TL 4  508.6  2.38  1216  532.4  1.08   573  231.9  2.80  232.9  2.78  233.6  2.76  1789  1829 1.000  40.5   7338 3F8E
12.02.2024 13:48:54  *01n 20 100TL 4  508.0  2.50  1275  543.5  1.20   654  231.7  2.80  232.9  2.80  233.8  2.75  1930  1863 1.000  40.5   7349 66AF
12.02.2024 13:49:15  *01n 20 100TL 4  517.2  2.50  1293  542.0  1.16   630  231.8  2.69  232.6  2.67  233.5  2.65  1924  1858 1.000  40.5   7359 2190
12.02.2024 13:49:35  *01n 20 100TL 4  519.1  2.45  1274  541.4  1.12   608  231.5  2.76  232.5  2.73  233.4  2.72  1882  1860 1.000  40.5   7370 96D3
12.02.2024 13:49:55  *01n 20 100TL 4  507.0  2.41  1223  542.5  1.15   627  231.6  2.76  232.4  2.74  233.2  2.72  1850  1863 1.000  40.5   7380 A5FE
12.02.2024 13:50:15  *01n 20 100TL 4  522.4  2.35  1232  557.0  1.13   630  231.4  2.67  232.3  2.66  233.3  2.64  1863  1847 1.000  40.5   7390 2C1D
12.02.2024 13:50:35  *01n 20 100TL 4  511.7  2.38  1223  544.7  1.08   592  231.6  2.72  232.8  2.69  233.4  2.68  1815  1860 1.000  40.5   7401 3191
12.02.2024 13:50:55  *01n 20 100TL 4  502.0  2.49  1249  560.7  1.08   611  232.0  2.99  233.3  2.98  233.9  2.95  1861  1931 1.000  40.5   7411 A714
12.02.2024 13:51:15  *01n 20 100TL 4  522.1  2.48  1295  550.0  1.21   669  232.4  2.99  233.4  2.98  234.2  2.97  1965  1950 1.000  40.5   7423 D77E
12.02.2024 13:51:35  *01n 20 100TL 4  521.7  3.41  1783  538.1  1.80   967  232.8  3.74  233.3  3.73  233.7  3.70  2751  2626 1.000  40.5   7435 769F
12.02.2024 13:51:55  *01n 20 100TL 4  526.4  2.93  1545  552.6  1.42   787  232.6  3.39  233.6  3.37  234.1  3.37  2333  2308 1.000  40.5   7450 DA5E
12.02.2024 13:52:15  *01n 20 100TL 4  538.3  2.88  1554  546.7  1.54   846  232.8  3.50  233.7  3.50  234.3  3.45  2401  2352 1.000  40.5   7463 532B
12.02.2024 13:52:35  *01n 20 100TL 4  531.5  3.20  1704  556.1  1.68   935  232.4  3.90  233.4  3.90  234.1  3.88  2639  2607 1.000  40.5   7476 1808
12.02.2024 13:52:55  *01n 20 100TL 4  524.2  3.26  1713  544.3  1.60   872  232.2  3.81  233.1  3.80  233.9  3.78  2586  2594 1.000  40.5   7491 C832
12.02.2024 13:53:15  *01n 20 100TL 4  519.1  3.69  1919  523.9  1.94  1017  232.5  4.28  233.3  4.27  234.1  4.25  2937  2850 1.000  40.5   7505 29A9
12.02.2024 13:53:35  *01n 20 100TL 4  518.2  3.04  1577  542.6  1.50   817  232.5  3.37  233.1  3.35  233.9  3.33  2395  2417 1.000  40.5   7522 07F2
12.02.2024 13:53:55  *01n 20 100TL 4  508.1  2.74  1394  544.1  1.26   689  232.4  3.22  233.2  3.21  233.8  3.18  2084  2087 1.000  40.5   7534 4517
12.02.2024 13:54:15  *01n 20 100TL 4  508.1  2.75  1399  533.3  1.28   689  232.2  2.92  233.2  2.89  234.2  2.89  2088  2064 1.000  40.5   7546 10CC
12.02.2024 13:54:35  *01n 20 100TL 4  511.6  2.82  1446  553.2  1.32   730  232.4  3.14  233.1  3.14  234.1  3.09  2177  2099 1.000  40.5   7557 7546
12.02.2024 13:54:55  *01n 20 100TL 4  502.5  2.93  1477  552.3  1.39   769  232.9  3.27  233.6  3.23  234.6  3.23  2246  2218 1.000  40.5   7569 5AE6
12.02.2024 13:55:16  *01n 20 100TL 4  511.9  2.94  1507  532.0  1.38   737  232.9  3.09  232.7  3.09  234.9  3.07  2244  2169 1.000  40.5   7581 8903
12.02.2024 13:55:36  *01n 20 100TL 4  515.2  3.38  1745  543.8  1.72   938  233.0  3.78  232.6  3.75  234.9  3.75  2684  2594 1.000  40.5   7595 F1EF
12.02.2024 13:55:55  *01n 20 100TL 4  513.2  3.05  1568  533.7  1.53   820  232.7  3.61  232.4  3.60  234.6  3.55  2389  2421 1.000  40.5   7609 1404
12.02.2024 13:56:16  *01n 20 100TL 4  516.2  3.11  1606  544.1  1.46   794  232.5  3.38  232.3  3.37  234.6  3.38  2401  2304 1.000  40.5   7622 CF1B
12.02.2024 13:56:36  *01n 20 100TL 4  523.2  2.82  1478  542.9  1.46   796  232.6  3.50  232.3  3.49  234.6  3.45  2275  2345 1.000  40.6   7635 FC6D
12.02.2024 13:56:56  *01n 20 100TL 4  517.7  2.91  1507  547.3  1.43   785  232.5  3.23  232.4  3.22  234.7  3.17  2293  2259 1.000  40.6   7647 924C
12.02.2024 13:57:16  *01n 20 100TL 4  517.0  2.91  1510  558.5  1.36   762  232.5  3.25  232.5  3.24  234.8  3.19  2273  2195 1.000  40.5   7660 89FB
12.02.2024 13:57:36  *01n 20 100TL 4  504.2  2.95  1492  546.9  1.34   737  232.6  3.26  232.4  3.28  234.5  3.22  2229  2203 1.000  40.6   7673 D2A2
12.02.2024 13:57:56  *01n 20 100TL 4  498.7  2.99  1492  546.8  1.44   788  232.4  3.37  232.0  3.37  234.4  3.32  2281  2270 1.000  40.6   7685 8A54
12.02.2024 13:58:16  *01n 20 100TL 4  508.6  2.81  1432  546.7  1.32   724  232.2  3.29  232.0  3.32  234.3  3.24  2157  2232 1.000  40.6   7698 6A8B
12.02.2024 13:58:36  *01n 20 100TL 4  508.9  2.52  1287  546.1  1.15   630  232.4  2.70  231.8  2.69  234.1  2.65  1918  1896 1.000  40.6   7709 E692
12.02.2024 13:58:56  *01n 20 100TL 4  508.8  2.30  1170  535.0  1.09   585  232.2  2.81  231.9  2.79  234.1  2.77  1756  1823 1.000  40.6   7720 9C68
12.02.2024 13:59:16  *01n 20 100TL 4  510.7  2.24  1149  534.8  1.09   587  232.1  2.74  232.0  2.73  234.3  2.74  1736  1779 1.000  40.6   7729 177F
12.02.2024 13:59:36  *01n 20 100TL 4  510.4  2.33  1188  534.5  1.07   576  232.1  2.55  232.0  2.54  234.3  2.51  1765  1736 1.000  40.6   7739 7C02
12.02.2024 13:59:56  *01n 20 100TL 4  510.8  2.17  1112  534.3  1.00   537  232.3  2.63  231.9  2.62  234.2  2.60  1649  1698 1.000  40.6   7749 20F9
12.02.2024 14:00:16  *01n 20 100TL 4  510.3  2.25  1153  534.5  1.08   582  232.4  2.47  232.0  2.43  234.3  2.43  1736  1667 1.000  40.6   7758 797F
12.02.2024 14:00:36  *01n 20 100TL 4  516.0  2.33  1203  534.3  1.07   573  230.3  2.56  232.6  2.53  234.7  2.54  1777  1672 1.000  40.6   7768 E5E7
12.02.2024 14:00:56  *01n 20 100TL 4  515.8  2.31  1194  523.6  1.05   555  232.4  2.62  232.2  2.62  234.4  2.56  1750  1716 1.000  40.6   7777 F4A6
12.02.2024 14:01:16  *01n 20 100TL 4  499.0  2.28  1138  543.9  1.07   585  232.4  2.44  232.0  2.41  234.1  2.39  1724  1692 1.000  40.6   7787 9B12
12.02.2024 14:01:36  *01n 20 100TL 4  502.2  2.16  1089  538.7  1.02   552  232.3  2.40  231.9  2.38  233.9  2.38  1641  1623 1.000  40.6   7796 7F29
12.02.2024 14:01:56  *01n 20 100TL 4  512.0  2.11  1083  540.3  0.93   506  232.3  2.45  231.5  2.43  233.8  2.43  1589  1573 1.000  40.6   7805 7737
12.02.2024 14:02:17  *01n 20 100TL 4  511.8  1.99  1023  534.9  0.92   495  231.8  2.36  231.4  2.37  233.5  2.35  1519  1504 1.000  40.6   7814 337F
12.02.2024 14:02:37  *01n 20 100TL 4  510.4  1.99  1019  542.0  0.93   508  231.8  2.15  231.6  2.14  233.6  2.12  1527  1475 1.000  40.6   7822 74DF
12.02.2024 14:02:57  *01n 20 100TL 4  508.7  1.89   964  533.4  0.83   448  231.7  2.34  231.6  2.35  233.4  2.32  1412  1495 1.000  40.6   7830 F00A
12.02.2024 14:03:17  *01n 20 100TL 4  505.3  1.97   999  542.1  0.90   491  231.9  2.41  231.7  2.42  233.6  2.36  1490  1562 1.000  40.6   7839 992B
12.02.2024 14:03:37  *01n 20 100TL 4  514.5  1.88   970  532.7  0.90   485  231.9  2.22  231.7  2.21  233.7  2.19  1455  1510 1.000  40.6   7847 52C6
12.02.2024 14:03:57  *01n 20 100TL 4  510.7  2.01  1031  537.3  0.92   495  231.7  2.19  231.7  2.18  233.6  2.16  1527  1477 1.000  40.6   7856 E903
12.02.2024 14:04:17  *01n 20 100TL 4  520.8  1.94  1010  527.1  0.90   477  231.6  2.26  231.3  2.26  233.3  2.21  1487  1461 1.000  40.6   7864 D2E9
12.02.2024 14:04:36  *01n 20 100TL 4  490.2  2.18  1071  527.1  0.97   511  231.6  2.42  231.4  2.41  233.4  2.38  1582  1510 1.000  40.6   7872 D816
12.02.2024 14:04:57  *01n 20 100TL 4  490.1  2.01   987  544.5  0.92   502  231.8  2.29  231.4  2.30  233.4  2.27  1489  1475 1.000  40.6   7880 61BE
12.02.2024 14:05:17  *01n 20 100TL 4  492.8  2.16  1069  519.7  0.97   503  231.5  2.25  231.3  2.25  233.2  2.20  1573  1556 1.000  40.6   7889 3161
12.02.2024 14:05:37  *01n 20 100TL 4  513.6  2.00  1029  540.2  0.92   498  231.6  2.20  231.3  2.16  233.3  2.14  1528  1510 1.000  40.6   7898 A220
12.02.2024 14:05:57  *01n 20 100TL 4  509.2  1.98  1013  535.7  0.93   502  231.6  2.34  231.3  2.33  233.3  2.32  1501  1486 1.000  40.6   7906 85F1
12.02.2024 14:06:17  *01n 20 100TL 4  508.9  2.07  1052  536.2  0.95   514  231.6  2.31  231.2  2.29  233.4  2.25  1567  1484 1.000  40.7   7914 5131
12.02.2024 14:06:37  *01n 20 100TL 4  518.9  2.08  1080  543.9  0.95   517  231.9  2.23  231.5  2.19  233.3  2.18  1597  1498 1.000  40.7   7922 C8DB
12.02.2024 14:06:57  *01n 20 100TL 4  510.8  1.93   988  531.2  0.91   488  231.7  2.41  231.4  2.38  233.5  2.37  1477  1510 1.000  40.7   7930 6F8C
12.02.2024 14:07:17  *01n 20 100TL 4  511.9  1.90   975  541.1  0.86   469  231.8  2.41  231.6  2.40  233.6  2.37  1445  1503 1.000  40.7   7939 70D9
12.02.2024 14:07:37  *01n 20 100TL 4  514.3  2.07  1068  538.7  0.92   497  231.4  2.31  231.2  2.30  233.3  2.27  1565  1487 1.000  40.7   7948 FAC0
12.02.2024 14:07:57  *01n 20 100TL 4  512.2  1.88   964  539.0  0.85   462  231.6  2.38  231.5  2.35  233.6  2.34  1426  1489 1.000  40.7   7956 46AE
12.02.2024 14:08:18  *01n 20 100TL 4  507.5  1.97  1000  542.2  0.91   494  232.3  2.25  230.9  2.24  233.8  2.22  1495  1484 1.000  40.7   7964 CA01
12.02.2024 14:08:38  *01n 20 100TL 4  505.9  1.98  1005  540.7  0.91   494  231.4  2.38  231.2  2.37  233.7  2.35  1499  1495 1.000  40.7   7972 B744
12.02.2024 14:08:57  *01n 20 100TL 4  514.6  2.04  1054  547.9  0.87   479  231.6  2.24  231.4  2.20  233.7  2.20  1533  1507 1.000  40.7   7981 4619
12.02.2024 14:09:18  *01n 20 100TL 4  511.3  2.03  1039  537.3  0.95   514  231.4  2.46  231.1  2.45  233.5  2.43  1553  1530 1.000  40.7   7989 9609
12.02.2024 14:09:38  *01n 20 100TL 4  521.0  1.93  1008  549.1  0.88   486  231.7  2.38  231.1  2.38  233.8  2.33  1495  1542 1.000  40.7   7998 CA49
12.02.2024 14:09:58  *01n 20 100TL 4  511.6  2.16  1109  527.1  0.94   498  231.9  2.29  230.9  2.29  233.5  2.25  1608  1532 1.000  40.7   8006 9934
12.02.2024 14:10:18  *01n 20 100TL 4  510.8  2.11  1078  537.0  0.98   529  231.1  2.29  231.3  2.29  233.2  2.27  1608  1560 1.000  40.7   8015 FC60
12.02.2024 14:10:38  *01n 20 100TL 4  513.5  2.02  1042  538.4  0.96   520  231.4  2.31  230.8  2.32  233.3  2.29  1562  1522 1.000  40.7   8023 9A36
12.02.2024 14:10:58  *01n 20 100TL 4  519.0  1.98  1028  546.6  0.89   486  231.4  2.37  230.9  2.34  233.3  2.35  1515  1503 1.000  40.7   8032 1EA7
12.02.2024 14:11:18  *01n 20 100TL 4  511.1  2.09  1069  546.7  0.91   498  231.4  2.22  231.0  2.21  233.4  2.20  1568  1492 1.000  40.7   8040 6DE0
12.02.2024 14:11:38  *01n 20 100TL 4  509.8  1.95   996  536.7  0.90   488  231.6  2.33  230.3  2.32  233.3  2.28  1484  1474 1.000  40.7   8048 041C
12.02.2024 14:11:58  *01n 20 100TL 4  509.6  1.95   999  546.6  0.89   488  231.6  2.28  230.3  2.27  233.2  2.23  1487  1464 1.000  40.7   8057 897D
12.02.2024 14:12:17  *01n 20 100TL 4  509.5  1.96  1000  546.3  0.84   462  230.9  2.26  230.9  2.26  233.0  2.25  1463  1463 1.000  40.7   8065 58F0
12.02.2024 14:12:38  *01n 20 100TL 4  509.2  2.01  1028  546.1  0.91   502  231.4  2.26  231.0  2.27  233.2  2.21  1530  1460 1.000  40.7   8073 1230
12.02.2024 14:12:58  *01n 20 100TL 4  518.2  1.88   978  546.8  0.89   489  231.3  2.30  231.4  2.31  233.2  2.27  1467  1460 1.000  40.7   8081 F7B7
12.02.2024 14:13:18  *01n 20 100TL 4  508.4  1.87   953  535.3  0.83   444  231.4  2.26  231.3  2.25  233.1  2.21  1397  1469 1.000  40.7   8089 D1ED
12.02.2024 14:13:38  *01n 20 100TL 4  508.6  2.04  1039  534.8  0.88   473  231.6  2.27  231.4  2.26  233.3  2.22  1512  1486 1.000  40.7   8097 3A4D
12.02.2024 14:13:58  *01n 20 100TL 4  508.3  2.00  1020  545.3  0.91   500  231.4  2.31  231.3  2.31  233.1  2.26  1521  1504 1.000  40.7   8106 E74D
12.02.2024 14:14:18  *01n 20 100TL 4  507.8  2.05  1043  544.7  0.91   498  231.4  2.33  231.4  2.35  233.2  2.28  1542  1524 1.000  40.7   8114 20BF
12.02.2024 14:14:38  *01n 20 100TL 4  517.7  2.07  1074  544.4  0.91   495  231.3  2.36  231.1  2.35  233.0  2.30  1570  1539 1.000  40.7   8123 57BF
12.02.2024 14:14:59  *01n 20 100TL 4  507.4  2.12  1077  544.2  0.98   535  231.3  2.27  231.2  2.25  233.1  2.24  1612  1554 1.000  40.7   8132 6809
12.02.2024 14:15:19  *01n 20 100TL 4  507.4  2.20  1123  544.3  1.03   561  231.1  2.33  230.9  2.31  232.8  2.31  1684  1582 0.999c  40.7   8140 0E65
12.02.2024 14:15:39  *01n 20 100TL 4  516.4  2.02  1046  544.0  0.91   497  231.3  2.43  231.1  2.42  232.9  2.37  1544  1582 1.000  40.7   8149 4392
12.02.2024 14:15:58  *01n 20 100TL 4  506.7  2.05  1043  554.2  0.89   494  231.3  2.43  231.1  2.43  233.0  2.38  1538  1585 1.000  40.7   8158 89E9
12.02.2024 14:16:19  *01n 20 100TL 4  506.3  2.13  1084  532.5  1.01   540  231.3  2.45  231.2  2.44  233.2  2.42  1625  1591 1.000  40.7   8167 7B0E
12.02.2024 14:16:39  *01n 20 100TL 4  516.5  1.98  1022  542.8  0.92   502  231.4  2.34  231.3  2.33  233.1  2.33  1524  1594 1.000  40.7   8176 3F3F
12.02.2024 14:16:59  *01n 20 100TL 4  516.2  2.03  1049  542.5  0.89   485  231.3  2.48  231.1  2.47  233.0  2.45  1535  1583 1.000  40.7   8184 F11D
12.02.2024 14:17:19  *01n 20 100TL 4  518.1  2.13  1106  541.2  0.97   529  231.4  2.41  231.4  2.40  233.2  2.35  1635  1564 1.000  40.7   8193 81F1
12.02.2024 14:17:39  *01n 20 100TL 4  514.3  2.12  1094  541.5  1.01   549  231.4  2.32  231.3  2.30  233.1  2.30  1643  1573 1.000  40.7   8202 3EDA
12.02.2024 14:17:59  *01n 20 100TL 4  516.1  2.02  1042  542.2  0.93   508  231.3  2.38  231.1  2.36  233.0  2.35  1550  1560 1.000  40.7   8211 E33C
12.02.2024 14:18:19  *01n 20 100TL 4  514.6  2.02  1040  541.2  0.93   508  231.3  2.41  231.2  2.40  233.2  2.38  1548  1521 1.000  40.7   8219 2F6A
12.02.2024 14:18:39  *01n 20 100TL 4  514.4  2.05  1060  541.2  0.97   526  230.9  2.31  231.7  2.29  232.8  2.28  1586  1498 1.000  40.7   8228 0083
12.02.2024 14:18:59  *01n 20 100TL 4  514.1  1.87   961  540.9  0.84   459  231.1  2.29  230.8  2.27  233.1  2.27  1420  1484 1.000  40.7   8236 16C8
12.02.2024 14:19:19  *01n 20 100TL 4  513.9  2.02  1039  540.8  0.89   482  231.3  2.32  231.0  2.31  233.2  2.30  1521  1461 1.000  40.7   8244 15D1
12.02.2024 14:19:39  *01n 20 100TL 4  505.0  1.84   930  540.0  0.81   439  231.2  2.28  231.1  2.28  233.1  2.26  1370  1435 1.000  40.7   8252 5AE0
12.02.2024 14:19:59  *01n 20 100TL 4  512.7  1.98  1016  540.7  0.92   498  231.1  2.16  231.1  2.14  233.0  2.12  1515  1422 1.000  40.7   8260 D88F
12.02.2024 14:20:19  *01n 20 100TL 4  514.0  1.98  1020  540.3  0.86   466  230.9  2.19  231.0  2.18  232.8  2.16  1487  1402 1.000  40.7   8268 D93B
12.02.2024 14:20:39  *01n 20 100TL 4  512.7  1.93   993  540.1  0.86   466  231.0  2.16  231.1  2.15  232.8  2.13  1460  1382 1.000  40.7   8276 DAF6
12.02.2024 14:20:59  *01n 20 100TL 4  512.7  1.84   949  539.8  0.86   465  230.9  2.11  231.1  2.11  232.7  2.06  1414  1355 1.000  40.7   8283 28C4
12.02.2024 14:21:19  *01n 20 100TL 4  502.6  1.75   883  539.4  0.75   410  231.2  2.14  231.0  2.14  232.8  2.11  1293  1329 1.000  40.7   8291 454F
12.02.2024 14:21:40  *01n 20 100TL 4  512.5  1.75   901  539.1  0.75   407  230.9  1.98  230.9  1.95  232.8  1.94  1309  1307 1.000  40.7   8298 940D
12.02.2024 14:22:00  *01n 20 100TL 4  511.8  1.67   857  528.6  0.74   396  231.1  1.95  230.8  1.93  232.8  1.91  1254  1281 1.000  40.7   8305 02F4
12.02.2024 14:22:20  *01n 20 100TL 4  511.7  1.71   880  538.7  0.79   425  231.0  1.94  230.9  1.95  232.9  1.93  1306  1269 1.000  40.7   8312 DA77
12.02.2024 14:22:40  *01n 20 100TL 4  511.7  1.78   914  538.2  0.76   413  231.8  1.99  230.6  1.97  232.9  1.93  1327  1246 1.000  40.7   8320 EAFB
12.02.2024 14:23:00  *01n 20 100TL 4  501.6  1.79   900  549.0  0.75   415  230.7  1.91  231.5  1.88  232.4  1.88  1315  1225 1.000  40.7   8326 E71D
12.02.2024 14:23:20  *01n 20 100TL 4  501.4  1.69   851  537.9  0.76   408  231.0  1.86  230.9  1.84  232.9  1.82  1260  1205 1.000  40.7   8333 2D05
12.02.2024 14:23:40  *01n 20 100TL 4  501.3  1.76   885  537.5  0.75   404  231.0  1.95  230.9  1.97  233.0  1.93  1289  1193 1.000  40.7   8340 1E38
12.02.2024 14:24:00  *01n 20 100TL 4  511.6  1.66   854  538.0  0.70   376  230.9  1.88  231.0  1.90  232.9  1.87  1231  1185 1.000  40.7   8346 99EF
12.02.2024 14:24:20  *01n 20 100TL 4  510.6  1.57   805  537.0  0.70   379  230.9  1.88  231.3  1.87  232.4  1.84  1185  1177 1.000  40.7   8353 4336
12.02.2024 14:24:40  *01n 20 100TL 4  510.8  1.64   840  547.7  0.69   383  231.0  1.92  230.6  1.91  233.1  1.89  1223  1164 1.000  40.7   8359 785E
12.02.2024 14:25:00  *01n 20 100TL 4  510.4  1.59   813  536.6  0.65   354  230.9  1.86  230.8  1.85  232.7  1.83  1167  1162 1.000  40.7   8366 294A
12.02.2024 14:25:20  *01n 20 100TL 4  510.0  1.62   830  536.4  0.70   379  230.6  1.85  231.6  1.86  232.6  1.81  1210  1155 1.000  40.7   8372 0C0A
12.02.2024 14:25:40  *01n 20 100TL 4  499.6  1.41   706  545.7  0.62   340  230.6  1.94  230.6  1.95  233.0  1.91  1046  1144 1.000  40.7   8379 49BA
12.02.2024 14:26:00  *01n 20 100TL 4  499.7  1.69   846  539.5  0.69   372  231.0  1.83  230.8  1.81  232.9  1.78  1219  1138 1.000  40.7   8385 8046
12.02.2024 14:26:20  *01n 20 100TL 4  499.5  1.66   834  546.3  0.66   363  230.7  1.84  231.5  1.84  232.6  1.78  1197  1136 1.000  40.7   8391 BBDB
12.02.2024 14:26:40  *01n 20 100TL 4  509.2  1.62   827  535.5  0.72   386  230.8  1.81  231.5  1.83  232.8  1.77  1213  1141 1.000  40.7   8398 F71F
12.02.2024 14:27:00  *01n 20 100TL 4  498.7  1.61   804  535.2  0.71   379  231.5  1.84  231.1  1.84  233.4  1.79  1184  1133 1.000  40.7   8404 5687
12.02.2024 14:27:20  *01n 20 100TL 4  498.3  1.53   762  534.8  0.62   338  231.3  1.92  231.4  1.90  233.2  1.89  1101  1138 1.000  40.7   8410 74E9
12.02.2024 14:27:41  *01n 20 100TL 4  508.4  1.56   794  534.8  0.67   363  231.2  1.83  231.4  1.82  233.1  1.78  1158  1139 1.000  40.7   8417 5A4E
12.02.2024 14:28:00  *01n 20 100TL 4  507.9  1.54   785  534.5  0.69   372  231.1  1.84  231.8  1.83  232.8  1.83  1158  1145 1.000  40.7   8423 CEB9
12.02.2024 14:28:21  *01n 20 100TL 4  507.9  1.69   859  533.2  0.70   378  231.3  1.84  231.2  1.84  233.2  1.83  1237  1150 1.000  40.7   8430 66E8
12.02.2024 14:28:41  *01n 20 100TL 4  508.3  1.56   793  544.5  0.63   347  231.4  1.73  231.4  1.73  233.4  1.68  1141  1153 1.000  40.7   8436 E380
12.02.2024 14:29:01  *01n 20 100TL 4  507.6  1.62   828  533.6  0.73   395  231.4  1.77  231.1  1.77  233.4  1.73  1223  1149 1.000  40.7   8442 E532
12.02.2024 14:29:20  *01n 20 100TL 4  507.0  1.59   808  533.2  0.69   370  231.4  1.88  231.1  1.86  233.2  1.82  1179  1156 1.000  40.7   8449 7322
12.02.2024 14:29:41  *01n 20 100TL 4  516.4  1.52   787  533.1  0.64   344  231.6  1.86  231.2  1.84  233.4  1.81  1132  1168 1.000  40.7   8455 1BE3
12.02.2024 14:30:00  *01n 20 100TL 4  506.0  1.69   860  543.5  0.74   407  231.5  1.83  231.4  1.82  233.5  1.80  1268  1194 1.000  40.7   8462 CB79
12.02.2024 14:30:21  *01n 20 100TL 4  506.1  1.55   785  543.3  0.68   373  231.4  1.84  231.5  1.81  233.6  1.80  1159  1210 1.000  40.7   8469 A85F
12.02.2024 14:30:41  *01n 20 100TL 4  516.0  1.68   869  544.3  0.72   395  231.6  1.94  231.4  1.92  233.5  1.91  1264  1249 1.000  40.7   8476 34F2
12.02.2024 14:31:01  *01n 20 100TL 4  515.3  1.78   920  542.5  0.75   407  231.4  2.06  231.3  2.05  233.3  2.05  1327  1280 1.000  40.7   8483 9D35
12.02.2024 14:31:21  *01n 20 100TL 4  505.1  1.74   883  542.2  0.79   428  231.1  2.13  231.9  2.13  232.9  2.08  1312  1297 1.000  40.7   8490 CB42
12.02.2024 14:31:40  *01n 20 100TL 4  515.3  1.83   946  542.0  0.84   454  231.3  2.08  231.0  2.08  233.2  2.04  1400  1324 1.000  40.7   8497 53B3
12.02.2024 14:32:00  *01n 20 100TL 4  514.5  1.70   875  541.7  0.73   399  231.2  2.24  232.0  2.22  233.0  2.20  1275  1362 1.000  40.7   8504 4E35
12.02.2024 14:32:20  *01n 20 100TL 4  524.7  1.88   991  552.2  0.87   482  231.1  2.11  231.2  2.09  233.2  2.08  1474  1397 1.000  40.7   8512 9C8B
12.02.2024 14:32:41  *01n 20 100TL 4  513.9  1.88   967  550.6  0.86   473  231.2  2.11  231.0  2.08  233.4  2.06  1440  1425 1.000  40.7   8520 1519
12.02.2024 14:33:01  *01n 20 100TL 4  512.9  2.00  1026  540.9  0.90   489  231.4  2.24  231.5  2.23  233.6  2.22  1516  1414 1.000  40.7   8528 CAC1
12.02.2024 14:33:21  *01n 20 100TL 4  512.9  1.99  1023  540.6  0.85   462  231.8  2.09  231.5  2.09  232.9  2.06  1486  1417 1.000  40.7   8536 F221
12.02.2024 14:33:41  *01n 20 100TL 4  512.8  2.02  1042  550.9  0.90   497  231.5  2.23  231.3  2.24  233.5  2.19  1539  1438 1.000  40.7   8544 CFDF
12.02.2024 14:34:01  *01n 20 100TL 4  512.8  1.98  1014  540.1  0.92   498  231.8  2.37  231.4  2.34  233.6  2.33  1513  1470 1.000  40.7   8552 274D
12.02.2024 14:34:21  *01n 20 100TL 4  512.8  1.98  1017  550.7  0.84   466  231.8  2.27  231.5  2.26  233.5  2.20  1484  1470 1.000  40.7   8560 8E8F
12.02.2024 14:34:42  *01n 20 100TL 4  512.4  2.00  1026  539.4  0.90   491  231.4  2.28  232.0  2.28  233.3  2.22  1518  1498 1.000  40.7   8568 2585
12.02.2024 14:35:01  *01n 20 100TL 4  522.0  2.05  1074  528.3  1.00   531  231.4  2.41  232.1  2.41  233.4  2.36  1605  1560 1.000  40.6   8577 4DE0
12.02.2024 14:35:22  *01n 20 100TL 4  529.0  2.08  1104  528.6  1.06   563  231.5  2.59  231.6  2.59  233.4  2.57  1667  1655 1.000  40.7   8585 5B8F
12.02.2024 14:35:42  *01n 20 100TL 4  508.2  1.99  1011  528.3  0.86   454  231.4  2.22  231.9  2.20  233.4  2.17  1466  1440 1.000  40.7   8594 F727
12.02.2024 14:36:02  *01n 20 100TL 4  508.6  1.81   923  547.9  0.82   451  231.3  2.33  231.9  2.34  233.4  2.30  1374  1448 1.000  40.7   8602 D0F5
12.02.2024 14:36:22  *01n 20 100TL 4  524.0  1.93  1016  537.1  0.91   491  231.2  2.37  231.8  2.36  233.2  2.35  1507  1481 1.000  40.7   8610 1567
12.02.2024 14:36:42  *01n 20 100TL 4  519.0  1.88   982  547.4  0.82   448  231.3  2.31  231.7  2.31  233.2  2.25  1431  1492 1.000  40.7   8619 92F8
12.02.2024 14:37:02  *01n 20 100TL 4  509.6  2.13  1089  536.5  0.96   518  230.9  2.32  231.4  2.33  232.9  2.27  1608  1493 1.000  40.7   8627 8C5F
12.02.2024 14:37:22  *01n 20 100TL 4  511.0  1.98  1013  546.7  0.90   495  230.8  2.29  231.5  2.28  232.8  2.28  1509  1489 1.000  40.6   8635 5341
12.02.2024 14:37:42  *01n 20 100TL 4  514.9  1.93   997  542.3  0.87   473  230.6  2.24  231.4  2.24  232.8  2.19  1470  1451 1.000  40.7   8643 8F75
12.02.2024 14:38:01  *01n 20 100TL 4  514.8  1.96  1013  542.2  0.85   462  230.8  2.12  231.7  2.10  233.0  2.06  1475  1432 1.000  40.7   8651 6E13
12.02.2024 14:38:21  *01n 20 100TL 4  514.4  1.91   984  541.6  0.86   468  230.6  2.25  231.6  2.24  232.8  2.21  1452  1402 1.000  40.6   8659 9A5D
12.02.2024 14:38:42  *01n 20 100TL 4  504.2  1.84   929  538.9  0.80   434  230.9  2.02  231.8  2.00  233.0  1.97  1364  1380 1.000  40.6   8667 F3EE
12.02.2024 14:39:02  *01n 20 100TL 4  515.1  1.74   901  548.2  0.74   407  231.1  2.17  231.8  2.16  233.1  2.11  1309  1382 1.000  40.7   8675 8ADC
12.02.2024 14:39:22  *01n 20 100TL 4  506.3  1.76   894  545.8  0.79   434  230.9  2.13  231.8  2.12  233.1  2.08  1329  1364 1.000  40.7   8683 5203
12.02.2024 14:39:42  *01n 20 100TL 4  516.8  1.79   926  535.6  0.80   433  231.4  2.19  231.3  2.18  233.2  2.15  1359  1348 1.000  40.7   8690 4FAA
12.02.2024 14:40:02  *01n 20 100TL 4  513.1  1.63   842  540.5  0.75   407  231.0  1.99  231.8  1.98  233.0  1.96  1249  1333 1.000  40.7   8697 E65A
12.02.2024 14:40:22  *01n 20 100TL 4  513.1  1.71   881  537.7  0.73   395  230.9  2.06  231.8  2.08  233.1  2.03  1277  1316 1.000  40.7   8705 501D
12.02.2024 14:40:42  *01n 20 100TL 4  513.0  1.79   921  536.0  0.81   437  231.1  2.13  231.9  2.12  233.2  2.10  1359  1307 1.000  40.7   8712 8ECB
12.02.2024 14:41:03  *01n 20 100TL 4  505.7  1.75   889  544.6  0.76   419  231.4  1.98  231.9  1.96  233.2  1.94  1309  1290 1.000  40.7   8720 1D25
12.02.2024 14:41:23  *01n 20 100TL 4  515.9  1.85   956  545.4  0.78   427  231.2  1.97  232.0  1.96  233.3  1.95  1383  1284 1.000  40.7   8727 09BC
12.02.2024 14:41:43  *01n 20 100TL 4  516.0  1.73   895  534.2  0.80   433  231.6  1.91  231.4  1.89  233.5  1.88  1329  1268 1.000  40.7   8734 A40B
12.02.2024 14:42:03  *01n 20 100TL 4  515.8  1.67   865  544.2  0.74   404  231.4  2.06  231.9  2.05  233.2  2.03  1269  1263 1.000  40.7   8741 00F4
12.02.2024 14:42:23  *01n 20 100TL 4  511.4  1.59   813  537.9  0.67   363  231.5  1.99  231.8  1.98  233.2  1.91  1176  1257 1.000  40.7   8747 9502
12.02.2024 14:42:43  *01n 20 100TL 4  511.3  1.83   935  546.6  0.75   411  231.2  1.97  231.7  1.98  233.1  1.93  1347  1251 1.000  40.7   8755 16A6
12.02.2024 14:43:03  *01n 20 100TL 4  511.1  1.66   854  541.9  0.75   408  231.5  2.04  231.1  2.02  233.1  2.03  1263  1252 1.000  40.7   8762 9170
12.02.2024 14:43:23  *01n 20 100TL 4  512.4  1.74   897  553.4  0.74   413  231.4  1.97  231.7  1.95  233.1  1.92  1310  1242 1.000  40.7   8769 FDB1
12.02.2024 14:43:43  *01n 20 100TL 4  507.1  1.72   875  533.5  0.71   381  231.3  2.04  231.8  2.04  233.1  2.01  1257  1243 1.000  40.7   8776 8493
12.02.2024 14:44:03  *01n 20 100TL 4  513.8  1.63   840  542.3  0.72   390  231.0  2.08  231.6  2.07  232.9  2.04  1231  1246 1.000  40.7   8782 8B1E
12.02.2024 14:44:23  *01n 20 100TL 4  505.2  1.59   805  542.1  0.68   370  231.5  1.98  231.7  1.97  233.2  1.94  1176  1240 1.000  40.7   8790 164F
12.02.2024 14:44:43  *01n 20 100TL 4  509.7  1.60   819  538.6  0.68   367  232.2  2.05  231.3  2.03  233.0  2.03  1187  1245 1.000  40.7   8796 03BE
12.02.2024 14:45:03  *01n 20 100TL 4  509.4  1.77   904  534.1  0.74   399  231.4  2.04  231.9  2.05  233.1  2.01  1304  1242 1.000  40.7   8803 F61E
12.02.2024 14:45:23  *01n 20 100TL 4  509.1  1.55   788  544.1  0.68   375  231.3  2.07  232.0  2.09  233.2  2.05  1164  1243 1.000  40.7   8810 0C60
12.02.2024 14:45:43  *01n 20 100TL 4  508.7  1.60   819  539.2  0.69   375  231.4  1.95  232.1  1.95  233.2  1.89  1194  1235 1.000  40.7   8817 9441
12.02.2024 14:46:03  *01n 20 100TL 4  506.3  1.73   878  542.2  0.71   389  231.4  1.88  231.7  1.85  232.9  1.85  1268  1234 1.000  40.7   8824 E158
12.02.2024 14:46:23  *01n 20 100TL 4  505.0  1.63   827  541.4  0.74   401  231.2  1.95  231.7  1.95  233.0  1.93  1228  1234 1.000  40.7   8831 E2DE
12.02.2024 14:46:44  *01n 20 100TL 4  503.9  1.77   894  551.1  0.74   410  231.5  1.90  231.1  1.87  232.9  1.86  1304  1228 1.000  40.7   8838 DA7A
12.02.2024 14:47:04  *01n 20 100TL 4  508.0  1.76   897  535.0  0.76   411  231.2  1.85  231.7  1.81  232.9  1.80  1309  1226 1.000  40.7   8844 F385
12.02.2024 14:47:24  *01n 20 100TL 4  507.6  1.62   822  533.4  0.67   358  231.2  2.00  231.7  1.99  233.0  1.98  1181  1225 1.000  40.7   8851 54A9
12.02.2024 14:47:44  *01n 20 100TL 4  507.4  1.65   837  543.0  0.74   404  231.1  1.89  231.5  1.87  232.8  1.84  1242  1226 1.000  40.7   8858 BC39
12.02.2024 14:48:04  *01n 20 100TL 4  507.1  1.76   892  547.9  0.73   404  231.3  1.96  231.5  1.92  232.9  1.93  1297  1226 1.000  40.6   8865 6E11
12.02.2024 14:48:24  *01n 20 100TL 4  506.7  1.68   854  547.4  0.69   379  231.1  2.03  231.5  2.02  233.1  1.99  1234  1223 1.000  40.7   8872 442F
12.02.2024 14:48:44  *01n 20 100TL 4  506.5  1.69   857  547.2  0.74   408  231.2  1.91  231.6  1.90  233.0  1.88  1266  1223 1.000  40.6   8879 6891
12.02.2024 14:49:03  *01n 20 100TL 4  516.5  1.69   874  536.0  0.76   411  231.3  2.01  231.6  2.01  233.0  1.97  1286  1220 1.000  40.6   8885 6076
12.02.2024 14:49:24  *01n 20 100TL 4  515.8  1.73   895  543.9  0.75   411  231.2  2.02  231.5  2.02  232.9  1.99  1307  1237 1.000  40.6   8892 B11B
12.02.2024 14:49:44  *01n 20 100TL 4  505.6  1.69   859  543.5  0.70   383  231.3  1.94  231.7  1.92  233.0  1.91  1242  1240 1.000  40.6   8899 559F
12.02.2024 14:50:04  *01n 20 100TL 4  505.6  1.65   839  543.1  0.74   402  231.2  1.92  231.7  1.91  232.8  1.87  1242  1214 1.000  40.6   8906 37F5
12.02.2024 14:50:24  *01n 20 100TL 4  505.4  1.73   877  542.8  0.74   401  231.1  1.93  231.8  1.93  233.0  1.91  1278  1205 1.000  40.6   8913 87D8
12.02.2024 14:50:44  *01n 20 100TL 4  505.2  1.67   845  542.8  0.67   369  231.2  1.92  231.7  1.90  233.0  1.87  1214  1196 1.000  40.7   8919 F95D
12.02.2024 14:51:04  *01n 20 100TL 4  505.0  1.61   814  542.5  0.71   387  231.0  1.94  231.5  1.91  232.9  1.92  1202  1187 1.000  40.7   8926 E78C
12.02.2024 14:51:24  *01n 20 100TL 4  504.8  1.59   807  531.4  0.69   367  230.7  1.91  231.5  1.90  232.9  1.88  1174  1173 1.000  40.6   8933 8BED
12.02.2024 14:51:44  *01n 20 100TL 4  511.9  1.60   819  531.7  0.68   361  230.9  1.82  231.3  1.79  232.6  1.78  1181  1162 1.000  40.7   8939 1A99
12.02.2024 14:52:05  *01n 20 100TL 4  506.2  1.60   808  542.5  0.65   357  230.8  1.90  231.5  1.90  232.6  1.88  1165  1159 1.000  40.6   8945 34A8
12.02.2024 14:52:25  *01n 20 100TL 4  512.2  1.54   787  540.8  0.69   376  231.2  1.91  230.9  1.90  232.5  1.87  1164  1150 1.000  40.6   8952 C42F
12.02.2024 14:52:45  *01n 20 100TL 4  511.3  1.57   802  541.6  0.66   360  230.7  1.71  231.4  1.70  232.7  1.69  1162  1139 1.000  40.6   8959 85B5
12.02.2024 14:53:05  *01n 20 100TL 4  511.5  1.62   830  540.4  0.66   360  230.9  1.87  230.9  1.88  232.9  1.86  1190  1135 1.000  40.7   8965 4761
12.02.2024 14:53:25  *01n 20 100TL 4  511.3  1.53   782  540.1  0.68   369  230.5  1.75  231.3  1.73  232.5  1.71  1152  1129 1.000  40.6   8971 95D8
12.02.2024 14:53:45  *01n 20 100TL 4  511.2  1.54   790  540.7  0.66   360  230.6  1.69  231.6  1.70  232.7  1.66  1150  1126 1.000  40.6   8977 BD1D
12.02.2024 14:54:05  *01n 20 100TL 4  507.5  1.58   807  545.4  0.66   361  230.8  1.78  231.4  1.80  232.5  1.76  1168  1124 1.000  40.6   8983 0391
12.02.2024 14:54:24  *01n 20 100TL 4  507.6  1.61   822  534.6  0.65   352  230.8  1.80  231.5  1.80  232.7  1.76  1174  1120 1.000  40.6   8990 6904
12.02.2024 14:54:45  *01n 20 100TL 4  517.3  1.47   761  545.0  0.66   361  230.9  1.72  231.6  1.69  232.7  1.69  1123  1112 1.000  40.6   8996 80C2
12.02.2024 14:55:05  *01n 20 100TL 4  506.9  1.60   814  534.0  0.68   366  230.7  1.78  231.3  1.76  232.5  1.74  1181  1110 1.000  40.6   9002 BE7E
12.02.2024 14:55:25  *01n 20 100TL 4  516.7  1.37   712  543.4  0.57   312  230.8  1.78  231.3  1.77  232.6  1.71  1025  1104 1.000  40.6   9008 ABCC
12.02.2024 14:55:45  *01n 20 100TL 4  506.1  1.42   718  541.8  0.62   340  230.4  1.70  231.1  1.69  232.0  1.68  1058  1104 1.000  40.6   9015 9101
12.02.2024 14:56:05  *01n 20 100TL 4  507.2  1.53   776  529.5  0.65   344  230.8  1.66  231.7  1.65  232.6  1.63  1121  1095 1.000  40.6   9021 0ADC
12.02.2024 14:56:25  *01n 20 100TL 4  505.6  1.45   735  532.7  0.60   320  230.8  1.65  231.5  1.62  232.4  1.59  1055  1089 1.000  40.6   9027 AD54
12.02.2024 14:56:45  *01n 20 100TL 4  505.4  1.51   767  543.2  0.60   326  230.5  1.70  231.4  1.69  232.2  1.69  1094  1091 1.000  40.6   9033 8107
12.02.2024 14:57:05  *01n 20 100TL 4  506.0  1.37   694  532.4  0.58   309  230.9  1.69  231.4  1.68  232.5  1.66  1004  1081 1.000  40.6   9039 6B22
12.02.2024 14:57:25  *01n 20 100TL 4  505.7  1.47   746  532.0  0.61   329  232.0  1.74  230.7  1.74  232.3  1.73  1075  1078 1.000  40.6   9045 3ACE
12.02.2024 14:57:45  *01n 20 100TL 4  505.1  1.46   740  542.4  0.57   312  230.8  1.83  231.7  1.82  232.8  1.79  1052  1077 1.000  40.6   9051 CA82
12.02.2024 14:58:05  *01n 20 100TL 4  504.4  1.35   682  531.4  0.58   312  231.1  1.74  231.7  1.75  232.6  1.69   994  1069 1.000  40.6   9057 28C9
12.02.2024 14:58:26  *01n 20 100TL 4  504.7  1.48   749  531.1  0.61   328  231.0  1.83  231.7  1.84  232.8  1.80  1077  1074 1.000  40.6   9063 B410
12.02.2024 14:58:46  *01n 20 100TL 4  509.1  1.55   791  542.6  0.66   363  230.8  1.77  231.7  1.75  232.7  1.74  1155  1081 1.000  40.6   9069 0884
12.02.2024 14:59:06  *01n 20 100TL 4  501.3  1.43   718  531.2  0.60   320  231.1  1.73  231.5  1.73  232.7  1.69  1039  1071 1.000  40.6   9075 E350
12.02.2024 14:59:26  *01n 20 100TL 4  506.5  1.37   695  540.4  0.60   326  230.9  1.74  231.7  1.73  232.7  1.70  1022  1078 1.000  40.6   9081 E20B
12.02.2024 14:59:46  *01n 20 100TL 4  510.9  1.45   744  530.8  0.61   323  231.0  1.73  231.5  1.73  232.7  1.67  1068  1075 1.000  40.6   9087 7F08
12.02.2024 15:00:05  *01n 20 100TL 4  506.5  1.53   776  540.0  0.61   329  230.7  1.82  231.5  1.81  232.9  1.78  1106  1080 1.000  40.6   9093 AC62
12.02.2024 15:00:26  *01n 20 100TL 4  509.0  1.40   714  539.7  0.61   332  231.0  1.84  231.8  1.85  233.2  1.81  1046  1080 1.000  40.6   9099 709F
12.02.2024 15:00:46  *01n 20 100TL 4  508.0  1.52   776  534.7  0.68   363  230.6  1.76  231.6  1.75  233.0  1.72  1139  1078 1.000  40.6   9105 4DAD
12.02.2024 15:01:05  *01n 20 100TL 4  507.6  1.52   772  534.3  0.62   334  230.8  1.66  231.5  1.64  233.0  1.63  1106  1081 1.000  40.6   9111 E735
12.02.2024 15:01:26  *01n 20 100TL 4  517.2  1.57   816  534.2  0.66   355  230.5  1.78  231.5  1.78  232.9  1.75  1171  1083 1.000  40.6   9117 EB54
12.02.2024 15:01:45  *01n 20 100TL 4  506.9  1.41   714  533.1  0.63   335  230.4  1.70  231.4  1.68  232.8  1.67  1049  1087 1.000  40.6   9123 5492
12.02.2024 15:02:05  *01n 20 100TL 4  506.1  1.44   732  535.3  0.60   321  230.3  1.77  231.2  1.76  232.6  1.72  1054  1089 1.000  40.6   9129 BFBC
12.02.2024 15:02:26  *01n 20 100TL 4  515.8  1.47   759  535.6  0.61   331  230.3  1.84  231.2  1.84  232.6  1.80  1091  1094 1.000  40.6   9135 4CAA
12.02.2024 15:02:46  *01n 20 100TL 4  515.6  1.55   798  536.6  0.70   378  230.6  1.81  231.5  1.80  232.8  1.80  1176  1100 1.000  40.6   9142 2B63
12.02.2024 15:03:06  *01n 20 100TL 4  515.2  1.48   767  526.1  0.64   337  230.5  1.87  231.4  1.86  233.0  1.83  1104  1098 1.000  40.6   9148 6BC0
12.02.2024 15:03:26  *01n 20 100TL 4  514.9  1.49   772  543.2  0.64   352  230.9  1.77  231.6  1.75  233.0  1.71  1124  1104 1.000  40.6   9153 9DC5
12.02.2024 15:03:46  *01n 20 100TL 4  505.1  1.53   778  542.9  0.61   335  231.3  1.77  231.9  1.78  232.8  1.73  1113  1104 1.000  40.6   9160 7B30
12.02.2024 15:04:07  *01n 20 100TL 4  505.2  1.59   804  531.9  0.71   378  231.6  1.65  231.3  1.65  233.1  1.63  1182  1103 1.000  40.6   9166 6765
12.02.2024 15:04:27  *01n 20 100TL 4  504.6  1.53   775  542.2  0.63   343  231.2  1.77  231.6  1.75  233.1  1.73  1118  1110 1.000  40.6   9172 5D75
12.02.2024 15:04:47  *01n 20 100TL 4  504.4  1.60   808  542.1  0.65   354  231.1  1.72  231.5  1.70  233.1  1.68  1162  1109 1.000  40.6   9178 D26E
12.02.2024 15:05:07  *01n 20 100TL 4  513.6  1.47   758  533.2  0.66   355  231.1  1.89  231.7  1.88  233.2  1.85  1113  1112 1.000  40.6   9185 2C8B
12.02.2024 15:05:26  *01n 20 100TL 4  513.3  1.41   727  541.3  0.63   343  231.3  1.78  231.9  1.76  233.4  1.72  1071  1112 1.000  40.6   9190 9581
12.02.2024 15:05:47  *01n 20 100TL 4  503.4  1.42   718  530.5  0.59   317  231.1  1.71  231.8  1.69  233.4  1.67  1036  1103 1.000  40.6   9197 3731
12.02.2024 15:06:06  *01n 20 100TL 4  512.9  1.62   834  540.9  0.67   363  231.2  1.79  231.8  1.79  233.4  1.76  1197  1109 1.000  40.6   9203 F3AA
12.02.2024 15:06:26  *01n 20 100TL 4  513.4  1.46   752  530.0  0.67   355  231.2  1.80  231.8  1.79  233.4  1.75  1107  1104 1.000  40.6   9209 9208
12.02.2024 15:06:46  *01n 20 100TL 4  512.7  1.43   737  540.2  0.61   331  231.1  1.73  231.7  1.71  233.3  1.71  1068  1106 1.000  40.6   9215 01AD
12.02.2024 15:07:06  *01n 20 100TL 4  511.7  1.40   721  532.2  0.57   308  231.4  1.73  231.3  1.71  233.4  1.69  1029  1101 1.000  40.6   9222 C373
12.02.2024 15:07:27  *01n 20 100TL 4  502.7  1.51   759  535.3  0.66   357  231.0  1.83  231.6  1.82  233.2  1.82  1116  1095 1.000  40.6   9228 9010
12.02.2024 15:07:47  *01n 20 100TL 4  512.5  1.47   755  528.9  0.66   354  231.0  1.77  231.6  1.76  233.3  1.74  1109  1094 1.000  40.6   9234 C8A4
12.02.2024 15:08:06  *01n 20 100TL 4  501.8  1.40   706  550.0  0.54   302  230.8  1.77  231.6  1.76  233.2  1.73  1008  1087 1.000  40.6   9240 2D80
12.02.2024 15:08:27  *01n 20 100TL 4  501.4  1.60   807  550.0  0.65   360  231.0  1.77  231.8  1.73  233.3  1.73  1167  1091 1.000  40.6   9246 4056
12.02.2024 15:08:46  *01n 20 100TL 4  511.6  1.48   759  536.7  0.66   357  231.1  1.80  231.6  1.80  233.1  1.79  1116  1097 1.000  40.6   9252 A305
12.02.2024 15:09:07  *01n 20 100TL 4  510.8  1.57   804  542.3  0.65   354  231.0  1.64  231.5  1.64  233.1  1.60  1158  1092 1.000  40.5   9258 EF5C
12.02.2024 15:09:27  *01n 20 100TL 4  502.2  1.60   804  542.9  0.65   355  230.7  1.68  231.4  1.66  232.9  1.63  1159  1087 1.000  40.6   9264 506E
12.02.2024 15:09:47  *01n 20 100TL 4  508.0  1.59   810  532.8  0.71   379  230.8  1.65  231.5  1.64  233.0  1.60  1190  1092 1.000  40.6   9271 DBC7
12.02.2024 15:10:07  *01n 20 100TL 4  500.1  1.48   743  548.4  0.63   347  231.0  1.74  231.0  1.75  233.0  1.70  1091  1086 1.000  40.6   9276 F221
12.02.2024 15:10:27  *01n 20 100TL 4  499.6  1.40   704  539.2  0.57   308  230.8  1.83  231.3  1.82  232.8  1.81  1013  1089 1.000  40.5   9282 2C04
12.02.2024 15:10:47  *01n 20 100TL 4  499.2  1.51   756  540.9  0.62   337  231.0  1.71  231.6  1.69  233.1  1.67  1094  1089 1.000  40.5   9288 1789
12.02.2024 15:11:07  *01n 20 100TL 4  507.6  1.49   758  541.3  0.65   352  230.8  1.77  231.5  1.79  232.8  1.73  1110  1100 1.000  40.5   9295 373D
12.02.2024 15:11:27  *01n 20 100TL 4  502.2  1.40   708  531.3  0.57   305  230.8  1.75  231.5  1.77  232.9  1.71  1013  1089 1.000  40.5   9301 A227
12.02.2024 15:11:47  *01n 20 100TL 4  515.9  1.53   794  542.0  0.63   344  230.9  1.79  231.6  1.77  233.0  1.72  1139  1098 1.000  40.6   9307 E2DF
12.02.2024 15:12:07  *01n 20 100TL 4  512.3  1.44   738  541.2  0.64   347  230.9  1.79  231.5  1.80  232.8  1.76  1086  1101 1.000  40.5   9313 9EC0
12.02.2024 15:12:27  *01n 20 100TL 4  507.9  1.45   741  538.7  0.63   343  230.9  1.65  231.6  1.63  232.9  1.61  1084  1098 1.000  40.5   9319 4CF4
12.02.2024 15:12:47  *01n 20 100TL 4  497.8  1.53   762  542.0  0.60   329  230.9  1.84  231.8  1.84  232.9  1.82  1092  1092 1.000  40.5   9325 EFE1
12.02.2024 15:13:07  *01n 20 100TL 4  505.1  1.39   704  540.1  0.58   317  230.9  1.76  231.6  1.73  232.8  1.69  1022  1095 1.000  40.5   9332 6463
12.02.2024 15:13:27  *01n 20 100TL 4  510.5  1.54   787  540.3  0.68   369  231.0  1.85  231.5  1.86  232.8  1.82  1156  1098 1.000  40.5   9338 1A2B
12.02.2024 15:13:47  *01n 20 100TL 4  510.5  1.44   741  539.9  0.61   329  231.2  1.82  231.5  1.82  232.9  1.80  1071  1095 1.000  40.5   9344 3D49
12.02.2024 15:14:08  *01n 20 100TL 4  502.8  1.59   805  539.8  0.64   349  231.1  1.72  231.6  1.72  232.9  1.69  1155  1091 1.000  40.5   9350 A308
12.02.2024 15:14:28  *01n 20 100TL 4  501.9  1.49   747  539.5  0.65   350  231.1  1.81  231.2  1.79  232.6  1.78  1098  1086 1.000  40.5   9356 6F2E
12.02.2024 15:14:47  *01n 20 100TL 4  506.7  1.48   750  540.3  0.64   349  230.9  1.83  231.5  1.82  232.9  1.80  1100  1091 1.000  40.5   9362 86E8
12.02.2024 15:15:08  *01n 20 100TL 4  503.1  1.62   819  538.6  0.65   350  231.1  1.61  231.6  1.62  232.8  1.59  1170  1081 1.000  40.5   9368 C9B8
12.02.2024 15:15:28  *01n 20 100TL 4  499.5  1.37   689  548.7  0.55   305  231.0  1.88  231.4  1.87  232.6  1.84   994  1078 1.000  40.5   9374 428B
12.02.2024 15:15:48  *01n 20 100TL 4  509.7  1.46   747  538.7  0.64   346  231.2  1.78  231.6  1.79  232.9  1.77  1094  1086 1.000  40.5   9380 246A
12.02.2024 15:16:08  *01n 20 100TL 4  501.2  1.51   759  548.7  0.59   325  231.3  1.80  231.6  1.80  233.0  1.77  1084  1077 1.000  40.5   9386 DB1D
12.02.2024 15:16:29  *01n 20 100TL 4  511.3  1.48   756  527.3  0.64   338  231.3  1.85  231.7  1.84  233.0  1.82  1095  1075 1.000  40.5   9392 B750
12.02.2024 15:16:48  *01n 20 100TL 4  509.7  1.51   772  537.6  0.66   358  231.3  1.74  231.9  1.74  233.0  1.71  1130  1078 1.000  40.5   9398 F775
12.02.2024 15:17:08  *01n 20 100TL 4  500.0  1.54   773  537.4  0.62   338  231.2  1.63  231.7  1.61  232.8  1.58  1112  1065 1.000  40.5   9404 AD27
12.02.2024 15:17:29  *01n 20 100TL 4  513.5  1.55   801  537.4  0.64   344  231.3  1.69  231.6  1.70  232.5  1.69  1145  1072 1.000  40.5   9410 F080
12.02.2024 15:17:48  *01n 20 100TL 4  511.5  1.52   782  536.8  0.65   349  231.3  1.66  231.7  1.65  232.9  1.63  1132  1066 1.000  40.5   9416 3AD3
12.02.2024 15:18:09  *01n 20 100TL 4  508.2  1.40   712  547.0  0.59   325  231.6  1.72  230.9  1.72  232.7  1.70  1037  1063 1.000  40.5   9422 B68C
12.02.2024 15:18:28  *01n 20 100TL 4  509.8  1.54   785  536.2  0.62   337  231.4  1.82  231.2  1.79  233.0  1.77  1123  1062 1.000  40.5   9428 49B8
12.02.2024 15:18:48  *01n 20 100TL 4  508.5  1.54   784  536.0  0.62   335  231.2  1.77  231.8  1.78  233.0  1.76  1120  1057 1.000  40.5   9434 4798
12.02.2024 15:19:09  *01n 20 100TL 4  507.8  1.30   663  546.4  0.56   306  231.2  1.69  231.4  1.68  232.8  1.66   970  1051 1.000  40.5   9440 0737
12.02.2024 15:19:28  *01n 20 100TL 4  505.4  1.39   706  545.9  0.57   315  231.1  1.69  231.7  1.71  232.8  1.66  1022  1045 1.000  40.5   9445 4A41
12.02.2024 15:19:49  *01n 20 100TL 4  515.6  1.41   727  545.8  0.58   321  231.0  1.58  231.5  1.56  232.7  1.55  1049  1040 1.000  40.5   9451 2BF7
12.02.2024 15:20:09  *01n 20 100TL 4  507.8  1.43   727  545.6  0.59   323  231.2  1.70  231.8  1.70  233.0  1.66  1051  1042 1.000  40.5   9457 AB2F
12.02.2024 15:20:29  *01n 20 100TL 4  506.9  1.38   701  545.5  0.58   323  231.1  1.68  231.7  1.66  232.9  1.65  1025  1040 1.000  40.5   9463 D4ED
12.02.2024 15:20:49  *01n 20 100TL 4  507.1  1.41   720  534.3  0.56   302  231.2  1.72  231.7  1.71  233.0  1.70  1022  1037 1.000  40.5   9469 5606
12.02.2024 15:21:10  *01n 20 100TL 4  506.5  1.51   766  544.8  0.61   332  231.2  1.67  231.5  1.67  233.1  1.62  1098  1031 1.000  40.5   9475 38D4
12.02.2024 15:21:29  *01n 20 100TL 4  506.4  1.39   706  544.6  0.59   326  231.4  1.67  231.2  1.65  232.8  1.62  1033  1028 1.000  40.5   9480 5FF0
12.02.2024 15:21:49  *01n 20 100TL 4  506.1  1.45   738  533.6  0.59   317  231.0  1.75  231.5  1.74  232.7  1.72  1055  1025 1.000  40.5   9486 1251
12.02.2024 15:22:10  *01n 20 100TL 4  507.0  1.38   703  544.0  0.53   292  230.8  1.67  231.4  1.67  232.7  1.63   996  1022 1.000  40.5   9491 C730
12.02.2024 15:22:29  *01n 20 100TL 4  504.4  1.33   674  532.7  0.57   303  230.9  1.59  231.4  1.57  232.8  1.56   978  1014 1.000  40.5   9497 DEEC
12.02.2024 15:22:49  *01n 20 100TL 4  504.0  1.37   692  543.6  0.57   315  230.9  1.61  231.6  1.60  232.9  1.59  1008  1013 1.000  40.5   9503 5880
12.02.2024 15:23:09  *01n 20 100TL 4  514.6  1.49   770  532.5  0.61   325  231.4  1.54  231.0  1.53  232.4  1.50  1095  1008 1.000  40.5   9509 D585
12.02.2024 15:23:29  *01n 20 100TL 4  514.6  1.32   683  543.1  0.56   305  230.7  1.71  231.3  1.70  232.7  1.68   988  1008 1.000  40.5   9514 CDB0
12.02.2024 15:23:49  *01n 20 100TL 4  504.5  1.24   628  542.8  0.52   283  230.9  1.70  231.7  1.71  233.0  1.69   912  1005 1.000  40.5   9520 E09E
12.02.2024 15:24:09  *01n 20 100TL 4  514.1  1.41   726  542.6  0.55   300  230.9  1.56  231.2  1.53  233.0  1.51  1026   996 1.000  40.5   9525 03EA
12.02.2024 15:24:29  *01n 20 100TL 4  505.2  1.37   694  541.8  0.53   288  230.9  1.53  231.7  1.53  233.0  1.50   982   993 1.000  40.5   9531 1FFC
12.02.2024 15:24:50  *01n 20 100TL 4  512.1  1.40   721  531.8  0.59   318  231.2  1.64  231.6  1.63  233.1  1.59  1040   987 1.000  40.5   9536 AA3F
12.02.2024 15:25:10  *01n 20 100TL 4  512.3  1.28   657  531.3  0.56   299  231.5  1.73  231.2  1.73  232.8  1.70   956   984 1.000  40.5   9542 B2C6
12.02.2024 15:25:29  *01n 20 100TL 4  513.2  1.24   637  530.5  0.50   268  230.8  1.66  231.4  1.63  232.9  1.65   906   981 1.000  40.5   9547 87BD
12.02.2024 15:25:49  *01n 20 100TL 4  512.9  1.40   724  541.3  0.61   329  230.8  1.59  231.2  1.57  232.7  1.54  1054   978 1.000  40.5   9553 ECE8
12.02.2024 15:26:09  *01n 20 100TL 4  502.5  1.31   660  540.9  0.55   299  230.6  1.62  231.2  1.62  232.6  1.59   959   975 1.000  40.5   9559 5631
12.02.2024 15:26:30  *01n 20 100TL 4  502.4  1.26   634  530.0  0.49   262  230.6  1.58  231.0  1.59  232.7  1.55   897   965 1.000  40.5   9564 A89F
12.02.2024 15:26:50  *01n 20 100TL 4  511.4  1.24   636  540.2  0.48   263  230.6  1.67  231.1  1.66  232.6  1.64   900   967 1.000  40.5   9569 430F
12.02.2024 15:27:10  *01n 20 100TL 4  501.9  1.20   604  529.7  0.51   273  230.5  1.56  230.9  1.56  232.5  1.52   877   955 1.000  40.5   9574 1181
12.02.2024 15:27:30  *01n 20 100TL 4  511.5  1.37   701  529.0  0.57   303  230.5  1.55  230.9  1.55  232.5  1.53  1005   953 1.000  40.5   9580 7724
12.02.2024 15:27:50  *01n 20 100TL 4  501.6  1.43   720  539.6  0.54   292  231.2  1.57  230.7  1.56  232.4  1.52  1013   950 1.000  40.5   9585 5B05
12.02.2024 15:28:10  *01n 20 100TL 4  511.2  1.31   672  528.9  0.57   303  230.8  1.59  231.3  1.58  232.9  1.57   976   949 1.000  40.5   9591 6DDA
12.02.2024 15:28:30  *01n 20 100TL 4  500.8  1.28   643  528.4  0.54   288  230.9  1.58  231.1  1.57  232.7  1.54   932   933 1.000  40.5   9596 7814
12.02.2024 15:28:50  *01n 20 100TL 4  510.8  1.26   645  539.8  0.49   265  230.9  1.64  231.3  1.65  232.7  1.61   910   933 1.000  40.5   9601 0AA8
12.02.2024 15:29:10  *01n 20 100TL 4  501.3  1.29   648  538.3  0.50   271  231.0  1.53  231.2  1.53  232.6  1.50   920   921 1.000  40.4   9606 AF19
12.02.2024 15:29:30  *01n 20 100TL 4  510.1  1.19   611  538.3  0.52   282  231.1  1.55  231.4  1.55  232.7  1.52   894   914 1.000  40.5   9611 D266
12.02.2024 15:29:50  *01n 20 100TL 4  509.8  1.25   640  548.7  0.48   265  231.1  1.49  231.6  1.49  232.7  1.46   906   904 1.000  40.4   9616 C6F8
12.02.2024 15:30:11  *01n 20 100TL 4  499.8  1.25   628  527.0  0.47   250  230.7  1.51  231.4  1.52  232.6  1.48   878   886 1.000  40.5   9621 A005
12.02.2024 15:30:30  *01n 20 100TL 4  499.5  1.26   633  527.0  0.51   274  231.2  1.55  231.5  1.53  232.7  1.51   907   877 1.000  40.4   9626 7E23
12.02.2024 15:30:50  *01n 20 100TL 4  499.4  1.25   628  526.7  0.52   276  230.8  1.48  231.5  1.50  232.5  1.46   904   863 1.000  40.4   9631 2F22
12.02.2024 15:31:10  *01n 20 100TL 4  509.2  1.26   640  535.6  0.50   267  230.8  1.52  231.5  1.52  232.5  1.50   907   862 1.000  40.4   9636 D7A2
12.02.2024 15:31:31  *01n 20 100TL 4  498.7  1.28   642  526.1  0.48   253  230.9  1.43  231.5  1.43  232.5  1.39   895   842 1.000  40.4   9641 F9B1
12.02.2024 15:31:50  *01n 20 100TL 4  508.4  1.20   611  536.5  0.49   265  230.8  1.47  231.6  1.48  232.5  1.45   877   837 1.000  40.4   9645 3433
12.02.2024 15:32:10  *01n 20 100TL 4  508.1  1.22   621  536.3  0.48   259  231.0  1.38  231.5  1.37  232.5  1.37   880   827 1.000  40.4   9650 63BB
12.02.2024 15:32:31  *01n 20 100TL 4  498.0  1.11   556  536.0  0.42   225  230.9  1.43  231.6  1.46  232.5  1.40   782   814 1.000  40.4   9654 078C
12.02.2024 15:32:51  *01n 20 100TL 4  507.6  1.17   596  537.9  0.47   257  231.3  1.46  231.6  1.44  232.7  1.42   854   808 1.000  40.4   9659 45E4
12.02.2024 15:33:11  *01n 20 100TL 4  497.5  1.12   561  539.0  0.44   238  231.0  1.31  231.7  1.29  232.7  1.26   799   794 1.000  40.4   9664 F1C9
12.02.2024 15:33:31  *01n 20 100TL 4  507.2  1.08   550  535.5  0.41   222  230.8  1.41  231.4  1.41  232.6  1.38   773   793 1.000  40.4   9668 2820
12.02.2024 15:33:51  *01n 20 100TL 4  507.3  1.14   579  535.1  0.41   224  230.9  1.32  231.6  1.33  232.6  1.30   804   784 1.000  40.4   9672 D5C2
12.02.2024 15:34:11  *01n 20 100TL 4  496.8  1.11   550  534.8  0.44   238  230.8  1.32  231.4  1.32  232.5  1.28   788   775 1.000  40.4   9677 FD00
12.02.2024 15:34:31  *01n 20 100TL 4  506.7  1.11   566  534.8  0.41   221  230.9  1.33  231.3  1.35  232.4  1.31   787   775 1.000  40.4   9681 64F0
12.02.2024 15:34:51  *01n 20 100TL 4  496.8  1.18   587  531.2  0.43   228  230.8  1.32  231.5  1.30  232.4  1.28   816   767 1.000  40.4   9685 208C
12.02.2024 15:35:11  *01n 20 100TL 4  497.3  1.08   538  540.5  0.43   231  230.8  1.38  231.4  1.39  232.4  1.35   770   769 1.000  40.4   9690 8D16
12.02.2024 15:35:31  *01n 20 100TL 4  498.6  1.15   575  539.8  0.43   233  231.1  1.34  231.4  1.34  232.2  1.30   808   764 1.000  40.4   9694 5A3A
12.02.2024 15:35:51  *01n 20 100TL 4  495.7  1.08   538  533.4  0.39   212  230.9  1.37  231.4  1.37  232.3  1.35   750   764 1.000  40.4   9698 6706
12.02.2024 15:36:11  *01n 20 100TL 4  505.5  1.10   558  533.0  0.43   228  231.1  1.31  231.7  1.31  232.5  1.30   787   764 1.000  40.4   9702 D72B
12.02.2024 15:36:31  *01n 20 100TL 4  495.1  1.13   563  524.7  0.44   234  231.1  1.31  231.7  1.31  232.4  1.30   798   758 1.000  40.4   9707 DD9F
12.02.2024 15:36:51  *01n 20 100TL 4  504.7  1.12   569  536.4  0.43   230  232.0  1.31  232.0  1.32  231.5  1.28   799   764 1.000  40.4   9711 2B47
12.02.2024 15:37:11  *01n 20 100TL 4  507.0  1.11   563  527.5  0.40   216  231.3  1.40  231.7  1.40  232.6  1.35   779   766 1.000  40.4   9715 0A8F
12.02.2024 15:37:31  *01n 20 100TL 4  507.5  1.12   569  537.2  0.45   244  231.2  1.35  231.8  1.35  232.6  1.34   813   767 1.000  40.4   9719 3AE3
12.02.2024 15:37:51  *01n 20 100TL 4  497.8  1.06   527  537.2  0.38   204  231.3  1.34  231.8  1.33  232.7  1.30   732   759 1.000  40.4   9724 E994
12.02.2024 15:38:11  *01n 20 100TL 4  503.8  1.06   537  530.4  0.38   204  231.3  1.38  231.7  1.35  232.5  1.34   741   764 1.000  40.3   9728 CD74
12.02.2024 15:38:31  *01n 20 100TL 4  513.8  1.05   543  539.0  0.39   210  231.3  1.31  231.5  1.33  232.5  1.28   753   759 1.000  40.4   9732 5ED1
12.02.2024 15:38:52  *01n 20 100TL 4  504.6  1.09   552  546.3  0.42   230  231.1  1.31  231.7  1.31  232.7  1.29   782   761 1.000  40.4   9736 4BB3
12.02.2024 15:39:12  *01n 20 100TL 4  506.1  1.00   509  549.7  0.35   193  231.4  1.38  231.4  1.37  232.6  1.34   703   759 1.000  40.4   9741 2B68
12.02.2024 15:39:32  *01n 20 100TL 4  506.8  1.03   524  551.0  0.36   202  231.3  1.38  231.6  1.38  232.9  1.38   727   758 1.000  40.4   9745 92B1
12.02.2024 15:39:52  *01n 20 100TL 4  506.7  1.02   520  538.5  0.41   224  231.5  1.39  231.9  1.39  233.1  1.36   744   756 1.000  40.4   9749 2455
12.02.2024 15:40:12  *01n 20 100TL 4  507.0  1.14   579  540.1  0.42   228  231.4  1.36  231.7  1.37  232.8  1.33   808   756 1.000  40.3   9753 91D2
12.02.2024 15:40:32  *01n 20 100TL 4  493.3  1.11   549  534.2  0.39   210  231.3  1.29  231.8  1.30  232.8  1.27   759   741 1.000  40.3   9757 D93C
12.02.2024 15:40:52  *01n 20 100TL 4  499.5  1.02   512  544.7  0.39   216  231.1  1.29  231.7  1.29  232.2  1.25   729   744 1.000  40.3   9761 2537
12.02.2024 15:41:12  *01n 20 100TL 4  504.7  1.09   555  525.3  0.43   228  231.2  1.27  231.8  1.31  232.9  1.26   784   741 1.000  40.3   9766 E5E3
12.02.2024 15:41:32  *01n 20 100TL 4  507.5  0.98   498  504.8  0.36   186  231.1  1.31  231.6  1.33  232.6  1.28   685   730 1.000  40.3   9770 79D2
12.02.2024 15:41:52  *01n 20 100TL 4  506.6  1.06   540  484.6  0.43   209  231.2  1.32  231.6  1.34  232.5  1.29   749   720 1.000  40.3   9774 7BFB
12.02.2024 15:42:12  *01n 20 100TL 4  505.4  1.07   541  464.4  0.44   205  231.0  1.33  231.6  1.32  232.5  1.31   747   714 1.000  40.3   9778 1AF0
12.02.2024 15:42:33  *01n 20 100TL 4  500.5  1.09   547  445.3  0.45   202  231.1  1.24  231.7  1.25  232.7  1.23   750   700 1.000  40.3   9782 6187
12.02.2024 15:42:52  *01n 20 100TL 4  509.0  1.11   566  425.0  0.42   180  231.1  1.23  231.6  1.22  232.5  1.20   746   694 1.000  40.3   9786 601D
12.02.2024 15:43:12  *01n 20 100TL 4  501.3  1.07   540  405.4  0.45   183  231.2  1.22  231.8  1.22  232.8  1.18   723   682 1.000  40.3   9790 4484
12.02.2024 15:43:32  *01n 20 100TL 4  498.5  1.02   511  384.9  0.41   158  231.2  1.32  231.7  1.32  232.5  1.29   669   675 1.000  40.3   9793 6880
12.02.2024 15:43:52  *01n 20 100TL 4  501.1  1.12   561  365.3  0.42   155  231.8  1.21  231.3  1.21  232.5  1.17   717   665 1.000  40.3   9797 3215
12.02.2024 15:44:12  *01n 20 100TL 4  497.8  0.99   492  344.9  0.37   131  230.9  1.24  231.5  1.24  232.5  1.22   624   654 1.000  40.3   9801 28EA
12.02.2024 15:44:32  *01n 20 100TL 4  501.4  1.00   506  325.2  0.40   131  230.9  1.19  231.7  1.20  232.5  1.18   637   646 1.000  40.3   9805 200B
12.02.2024 15:44:52  *01n 20 100TL 4  498.7  1.11   553  305.8  0.43   134  230.8  1.27  231.5  1.26  232.4  1.24   688   639 1.000  40.3   9808 1F82
12.02.2024 15:45:12  *01n 20 100TL 4  508.5  1.00   508  285.9  0.39   111  230.5  1.19  231.0  1.20  232.2  1.15   619   627 1.000  40.3   9811 22B7
12.02.2024 15:45:33  *01n 20 100TL 4  498.3  0.97   488  266.0  0.42   111  230.5  1.11  231.1  1.12  232.3  1.11   599   613 1.000  40.3   9815 CB15
12.02.2024 15:45:53  *01n 20 100TL 4  497.9  1.00   502  245.9  0.42   102  230.7  1.22  231.3  1.23  232.1  1.22   604   607 1.000  40.3   9818 5BCE
12.02.2024 15:46:13  *01n 20 100TL 4  497.7  0.96   480  227.2  0.36    82  230.6  1.20  231.3  1.22  232.1  1.20   563   596 1.000  40.3   9822 F4CB
12.02.2024 15:46:33  *01n 20 100TL 4  497.5  0.98   492  227.2  0.42    96  230.9  1.17  231.4  1.19  232.2  1.18   588   590 1.000  40.2   9825 0EFE
12.02.2024 15:46:53  *01n 20 100TL 4  507.1  1.03   523  227.2  0.41    94  231.0  1.08  231.8  1.08  232.4  1.05   617   592 1.000  40.3   9828 97C3
12.02.2024 15:47:13  *01n 20 100TL 4  507.6  1.00   508  227.2  0.39    90  230.9  1.19  231.5  1.19  232.1  1.18   598   588 1.000  40.3   9831 6257
12.02.2024 15:47:33  *01n 20 100TL 4  507.1  1.05   534  227.2  0.41    94  230.9  1.18  231.7  1.18  232.4  1.18   628   588 1.000  40.2   9835 35AF
12.02.2024 15:47:53  *01n 20 100TL 4  506.0  1.03   520  227.3  0.44   100  230.9  1.12  231.9  1.13  232.5  1.11   621   585 1.000  40.2   9838 D9BB
12.02.2024 15:48:13  *01n 20 100TL 4  505.8  0.89   451  227.2  0.34    79  230.6  1.10  231.4  1.12  232.1  1.08   531   578 1.000  40.2   9841 FC99
12.02.2024 15:48:33  *01n 20 100TL 4  506.1  1.02   517  227.2  0.41    93  230.8  1.16  231.5  1.18  232.1  1.14   610   576 1.000  40.2   9845 0ABE
12.02.2024 15:48:53  *01n 20 100TL 4  506.0  0.88   445  227.2  0.37    85  230.4  1.15  231.2  1.15  232.0  1.14   531   572 1.000  40.2   9848 889C
12.02.2024 15:49:13  *01n 20 100TL 4  505.0  0.91   460  227.3  0.36    82  230.6  1.09  231.4  1.11  231.9  1.09   543   566 1.000  40.2   9851 149D
12.02.2024 15:49:33  *01n 20 100TL 4  507.8  0.90   459  226.9  0.36    80  230.5  1.18  231.4  1.18  232.0  1.15   540   564 1.000  40.2   9854 6726
12.02.2024 15:49:53  *01n 20 100TL 4  506.3  1.04   529  227.0  0.41    91  230.7  1.04  231.6  1.03  232.2  1.01   621   561 1.000  40.2   9857 B91F
12.02.2024 15:50:13  *01n 20 100TL 4  504.0  0.89   450  227.2  0.38    86  230.8  1.07  230.9  1.08  232.4  1.07   537   556 1.000  40.2   9860 4213
12.02.2024 15:50:33  *01n 20 100TL 4  504.7  1.02   518  227.2  0.39    86  230.6  1.07  231.3  1.06  232.2  1.05   605   555 1.000  40.2   9863 1B84
12.02.2024 15:50:53  *01n 20 100TL 4  503.8  0.89   451  227.2  0.35    80  230.5  1.01  231.2  1.02  232.4  1.00   532   549 1.000  40.2   9866 1315
12.02.2024 15:51:13  *01n 20 100TL 4  503.9  0.86   436  227.2  0.36    82  230.3  1.12  231.1  1.13  232.1  1.12   518   550 1.000  40.2   9870 BC77
12.02.2024 15:51:34  *01n 20 100TL 4  503.7  0.98   495  227.2  0.39    86  230.4  1.15  230.9  1.15  232.1  1.13   582   546 1.000  40.2   9873 E5F6
12.02.2024 15:51:54  *01n 20 100TL 4  501.5  0.91   459  227.2  0.35    79  230.7  1.10  230.8  1.09  232.3  1.08   538   543 1.000  40.2   9876 3F98
12.02.2024 15:52:14  *01n 20 100TL 4  501.3  1.01   508  227.2  0.38    86  230.7  0.99  231.6  1.01  232.3  1.00   595   541 0.999c  40.2   9879 EAE5
12.02.2024 15:52:34  *01n 20 100TL 4  505.1  0.87   444  227.1  0.36    82  230.3  1.09  231.5  1.10  232.3  1.06   526   541 1.000  40.2   9882 9456
12.02.2024 15:52:54  *01n 20 100TL 4  501.2  1.05   527  227.2  0.40    90  230.6  1.10  231.6  1.12  232.2  1.11   617   544 1.000  40.2   9885 756B
12.02.2024 15:53:14  *01n 20 100TL 4  503.5  0.83   419  227.1  0.33    74  230.5  1.07  231.5  1.07  232.2  1.03   494   541 1.000  40.2   9888 675C
12.02.2024 15:53:34  *01n 20 100TL 4  503.0  0.86   433  227.2  0.36    80  230.7  1.07  231.2  1.06  232.2  1.06   514   543 1.000  40.2   9891 5FA5
12.02.2024 15:53:54  *01n 20 100TL 4  511.2  0.88   453  227.2  0.36    82  231.0  1.07  230.8  1.09  232.0  1.04   535   540 1.000  40.2   9894 ADC7
12.02.2024 15:54:14  *01n 20 100TL 4  496.6  0.99   492  227.2  0.36    82  230.6  1.06  231.4  1.07  232.3  1.04   575   538 1.000  40.2   9897 3C39
12.02.2024 15:54:34  *01n 20 100TL 4  506.3  1.01   512  227.2  0.41    91  230.6  1.07  231.5  1.08  232.2  1.07   604   543 1.000  40.2   9900 A817
12.02.2024 15:54:54  *01n 20 100TL 4  506.1  0.92   466  227.2  0.38    86  230.8  1.08  231.6  1.08  232.5  1.05   553   543 1.000  40.2   9903 3C31
12.02.2024 15:55:14  *01n 20 100TL 4  506.5  0.89   453  227.2  0.33    74  231.2  1.13  231.4  1.14  232.2  1.11   527   546 1.000  40.2   9906 E619
12.02.2024 15:55:34  *01n 20 100TL 4  506.3  0.87   442  227.2  0.34    77  230.5  1.03  231.5  1.02  232.0  1.02   520   540 1.000  40.2   9909 0425
12.02.2024 15:55:54  *01n 20 100TL 4  502.8  0.87   439  227.2  0.35    79  230.4  1.16  231.4  1.16  232.0  1.14   518   540 1.000  40.2   9912 7F4D
12.02.2024 15:56:14  *01n 20 100TL 4  495.1  0.97   483  227.2  0.36    82  230.4  1.04  230.8  1.04  232.4  1.04   566   531 1.000  40.2   9915 5D67
12.02.2024 15:56:34  *01n 20 100TL 4  504.8  0.85   434  227.2  0.32    73  230.2  1.08  231.1  1.09  232.0  1.07   508   532 0.999c  40.2   9918 02EF
12.02.2024 15:56:54  *01n 20 100TL 4  494.4  0.96   476  227.3  0.39    88  230.4  1.12  231.5  1.12  232.3  1.11   564   526 1.000  40.2   9921 B84F
12.02.2024 15:57:14  *01n 20 100TL 4  494.1  0.91   450  227.2  0.36    80  230.3  1.06  231.2  1.06  232.1  1.02   531   518 1.000  40.1   9924 D920
12.02.2024 15:57:34  *01n 20 100TL 4  503.9  0.80   404  227.1  0.28    65  230.5  1.10  231.6  1.12  232.5  1.09   469   521 1.000  40.1   9927 DB9B
12.02.2024 15:57:54  *01n 20 100TL 4  503.8  0.88   447  227.2  0.36    83  231.0  1.07  231.1  1.06  231.8  1.04   531   515 1.000  40.2   9930 8EDB
12.02.2024 15:58:15  *01n 20 100TL 4  503.3  0.93   471  227.2  0.36    82  230.3  0.96  231.6  0.97  232.2  0.97   553   512 1.000  40.1   9933 B00F
12.02.2024 15:58:35  *01n 20 100TL 4  503.0  0.79   402  227.2  0.30    68  230.5  1.10  231.4  1.12  232.4  1.09   471   508 1.000  40.1   9935 9534
12.02.2024 15:58:55  *01n 20 100TL 4  503.3  0.97   491  227.2  0.36    82  230.2  0.99  231.4  1.01  232.3  0.98   573   502 1.000  40.1   9938 9B89
12.02.2024 15:59:15  *01n 20 100TL 4  502.7  0.89   450  227.2  0.36    82  230.4  0.99  231.6  1.01  232.4  0.98   532   495 1.000  40.1   9941 0B6B
12.02.2024 15:59:35  *01n 20 100TL 4  502.4  0.90   453  227.0  0.32    74  230.4  1.00  231.7  1.02  232.6  0.99   527   489 1.000  40.1   9944 4A6F
12.02.2024 15:59:55  *01n 20 100TL 4  512.3  0.77   399  227.2  0.29    65  230.5  1.07  231.8  1.08  232.6  1.03   465   479 1.000  40.1   9946 F76E
12.02.2024 16:00:15  *01n 20 100TL 4  502.4  0.89   451  227.2  0.37    83  230.5  0.96  231.6  0.97  232.4  0.95   535   476 1.000  40.1   9949 A2B7
12.02.2024 16:00:35  *01n 20 100TL 4  501.8  0.77   386  227.2  0.29    65  230.4  1.05  231.2  1.07  232.0  1.04   451   471 0.999c  40.1   9952 90AB
12.02.2024 16:00:55  *01n 20 100TL 4  496.6  0.89   442  227.2  0.31    70  230.2  0.98  230.8  0.98  232.2  0.97   512   459 1.000  40.1   9954 852D
12.02.2024 16:01:15  *01n 20 100TL 4  495.5  0.73   363  227.2  0.25    57  230.2  0.97  231.4  1.00  232.2  0.97   421   451 1.000  40.1   9957 50E6
12.02.2024 16:01:35  *01n 20 100TL 4  497.5  0.71   354  227.3  0.26    59  230.4  1.06  231.4  1.08  232.4  1.03   413   448 1.000  40.1   9959 1700
12.02.2024 16:01:55  *01n 20 100TL 4  497.5  0.68   338  227.2  0.23    51  230.5  1.01  231.6  1.03  232.4  1.01   390   436 1.000  40.1   9962 D360
12.02.2024 16:02:15  *01n 20 100TL 4  498.0  0.75   376  227.4  0.25    56  230.4  1.03  231.4  1.03  232.2  0.99   433   430 1.000  40.1   9964 A687
12.02.2024 16:02:35  *01n 20 100TL 4  488.4  0.69   341  227.4  0.24    56  230.2  1.04  231.2  1.04  231.8  1.02   398   415 1.000  40.1   9966 6F10
12.02.2024 16:02:55  *01n 20 100TL 4  493.2  0.77   381  227.2  0.25    56  230.2  0.99  231.2  1.01  231.7  0.98   437   411 1.000  40.1   9969 6619
12.02.2024 16:03:15  *01n 20 100TL 4  495.3  0.73   361  227.2  0.22    50  230.2  0.92  231.3  0.91  232.0  0.90   411   401 1.000  40.1   9971 AEA1
12.02.2024 16:03:35  *01n 20 100TL 4  495.0  0.61   305  227.2  0.21    48  230.1  0.95  231.2  0.95  232.0  0.93   354   392 1.000  40.1   9973 70AE
12.02.2024 16:03:55  *01n 20 100TL 4  494.7  0.62   306  227.3  0.21    47  230.4  0.97  231.4  0.97  232.1  0.95   354   386 1.000  40.1   9975 B0CD
12.02.2024 16:04:16  *01n 20 100TL 4  494.5  0.78   386  227.2  0.23    51  230.4  0.99  231.4  1.03  232.1  0.99   437   379 1.000  40.1   9977 4E6B
12.02.2024 16:04:36  *01n 20 100TL 4  494.4  0.57   288  227.1  0.18    41  230.8  0.99  231.3  0.98  231.6  0.97   329   373 1.000  40.1   9980 A584
12.02.2024 16:04:56  *01n 20 100TL 4  494.2  0.69   344  227.3  0.24    53  231.5  0.99  230.2  0.97  232.1  0.95   398   367 1.000  40.1   9982 FA2D
12.02.2024 16:05:16  *01n 20 100TL 4  503.7  0.60   303  227.2  0.18    41  230.6  0.94  231.4  0.96  232.0  0.91   344   358 1.000  40.1   9984 B22D
12.02.2024 16:05:36  *01n 20 100TL 4  485.2  0.72   354  227.1  0.21    48  230.9  0.96  231.7  0.96  232.1  0.95   402   360 1.000  40.1   9986 CF93
12.02.2024 16:05:56  *01n 20 100TL 4  492.3  0.59   292  227.2  0.20    45  230.5  0.93  231.7  0.93  232.0  0.93   338   354 1.000  40.1   9988 D3C2
12.02.2024 16:06:16  *01n 20 100TL 4  484.9  0.72   352  227.1  0.23    51  230.3  0.84  231.5  0.87  231.9  0.83   404   349 1.000  40.1   9990 693D
12.02.2024 16:06:36  *01n 20 100TL 4  494.3  0.56   277  227.2  0.16    36  231.0  0.93  231.0  0.92  231.9  0.88   314   346 1.000  40.0   9992 9723
12.02.2024 16:06:56  *01n 20 100TL 4  491.6  0.69   340  227.2  0.24    53  230.5  0.94  231.6  0.96  232.0  0.94   393   346 1.000  40.0   9994 487F
12.02.2024 16:07:16  *01n 20 100TL 4  493.6  0.72   355  227.2  0.22    48  230.4  0.88  231.4  0.87  231.9  0.83   404   346 1.000  40.1   9995 5312
12.02.2024 16:07:36  *01n 20 100TL 4  481.8  0.69   334  227.2  0.19    42  230.4  0.87  231.3  0.88  231.8  0.86   376   341 1.000  40.0   9997 C174
12.02.2024 16:07:56  *01n 20 100TL 4  477.4  0.63   299  227.2  0.18    41  230.5  0.95  231.5  0.96  231.9  0.94   340   343 1.000  40.0   9999 ED5A
12.02.2024 16:08:16  *01n 20 100TL 4  477.2  0.53   256  227.2  0.17    38  230.5  0.95  231.4  0.97  231.8  0.94   294   338 1.000  40.0  10001 701F
12.02.2024 16:08:36  *01n 20 100TL 4  477.0  0.55   265  227.2  0.16    36  230.6  0.91  231.6  0.92  232.0  0.92   302   343 0.999c  40.0  10003 0DE1
12.02.2024 16:08:56  *01n 20 100TL 4  485.2  0.56   276  227.4  0.17    39  230.5  0.93  231.4  0.94  231.8  0.93   315   344 1.000  40.0  10005 B7B5
12.02.2024 16:09:16  *01n 20 100TL 4  483.6  0.57   277  226.9  0.19    44  230.2  0.89  231.3  0.90  231.8  0.88   321   343 1.000  40.0  10007 5953
12.02.2024 16:09:36  *01n 20 100TL 4  489.3  0.53   262  227.4  0.17    38  230.1  0.98  231.2  0.97  231.8  0.96   300   347 1.000  40.0  10009 C372
12.02.2024 16:09:56  *01n 20 100TL 4  491.3  0.59   291  227.1  0.18    41  230.1  0.95  231.1  0.97  231.6  0.95   332   350 1.000  40.0  10011 BC92
12.02.2024 16:10:17  *01n 20 100TL 4  485.3  0.66   323  227.1  0.20    45  230.3  0.91  231.4  0.91  231.9  0.88   369   347 1.000  40.0  10013 BFEB
12.02.2024 16:10:37  *01n 20 100TL 4  494.8  0.70   346  227.4  0.24    54  230.1  0.87  231.5  0.90  231.6  0.90   401   350 0.999c  40.0  10015 7099
12.02.2024 16:10:57  *01n 20 100TL 4  495.6  0.65   323  227.2  0.19    42  230.1  0.97  231.1  0.99  231.7  0.97   366   357 1.000  40.0  10017 8F7D
12.02.2024 16:11:17  *01n 20 100TL 4  497.1  0.54   273  227.2  0.19    42  230.3  0.89  231.2  0.88  231.8  0.88   315   355 1.000  40.0  10019 2C7F
12.02.2024 16:11:37  *01n 20 100TL 4  497.6  0.61   308  227.2  0.21    47  230.4  0.97  231.2  0.99  231.6  0.97   355   360 1.000  40.0  10021 3524
12.02.2024 16:11:57  *01n 20 100TL 4  498.0  0.65   323  227.2  0.20    44  230.5  0.86  231.7  0.87  232.0  0.87   367   361 1.000  40.0  10023 CFA8
12.02.2024 16:12:17  *01n 20 100TL 4  498.1  0.68   340  227.2  0.22    50  230.6  0.91  231.5  0.93  231.8  0.90   390   361 1.000  40.0  10025 9BB4
12.02.2024 16:12:37  *01n 20 100TL 4  493.3  0.73   361  227.2  0.25    56  230.3  0.89  231.3  0.91  231.9  0.87   418   361 0.999c  40.0  10027 C877
12.02.2024 16:12:57  *01n 20 100TL 4  494.6  0.71   350  227.2  0.23    53  230.3  0.91  231.3  0.93  231.9  0.92   404   364 1.000  40.0  10029 F26F
12.02.2024 16:13:17  *01n 20 100TL 4  500.3  0.66   334  227.2  0.20    45  230.3  0.97  231.3  0.98  231.9  0.95   379   366 1.000  40.0  10031 77C7
12.02.2024 16:13:37  *01n 20 100TL 4  505.3  0.64   326  227.2  0.22    51  230.4  0.96  231.2  0.98  231.9  0.97   378   364 1.000  40.0  10033 A754
12.02.2024 16:13:57  *01n 20 100TL 4  495.8  0.72   358  227.3  0.25    57  230.1  0.89  231.3  0.91  231.9  0.89   416   364 1.000  40.0  10035 6979
12.02.2024 16:14:17  *01n 20 100TL 4  497.7  0.69   347  227.4  0.21    45  230.4  0.91  231.2  0.94  231.7  0.88   393   364 1.000  40.0  10037 B810
12.02.2024 16:14:37  *01n 20 100TL 4  496.3  0.54   270  227.2  0.19    42  230.3  0.90  231.4  0.92  231.9  0.86   312   363 1.000  40.0  10039 197A
12.02.2024 16:14:57  *01n 20 100TL 4  501.4  0.57   289  227.4  0.20    45  230.5  0.97  231.4  0.97  232.0  0.94   335   364 1.000  40.0  10041 7E1E
12.02.2024 16:15:17  *01n 20 100TL 4  499.8  0.70   352  227.2  0.22    48  230.9  0.91  231.3  0.94  232.2  0.88   401   364 1.000  40.0  10043 4186
12.02.2024 16:15:37  *01n 20 100TL 4  493.0  0.58   289  227.1  0.19    42  231.1  0.92  232.0  0.92  232.4  0.90   332   358 1.000  40.0  10045 47BA
12.02.2024 16:15:57  *01n 20 100TL 4  499.0  0.67   337  227.1  0.24    54  231.0  0.96  232.1  0.98  232.5  0.95   392   358 1.000  40.0  10047 83BE
12.02.2024 16:16:17  *01n 20 100TL 4  491.9  0.72   354  227.2  0.23    53  230.9  0.89  231.8  0.90  232.1  0.88   407   354 1.000  40.0  10049 F428
12.02.2024 16:16:38  *01n 20 100TL 4  498.1  0.56   282  227.0  0.17    38  230.7  0.94  231.8  0.97  232.1  0.93   320   350 1.000  40.0  10051 C806
12.02.2024 16:16:59  *01n 20 100TL 4  490.1  0.61   303  227.3  0.18    42  230.6  0.90  231.8  0.90  231.9  0.90   346   349 1.000  40.0  10053 01EE
12.02.2024 16:17:18  *01n 20 100TL 4  489.8  0.59   291  227.2  0.20    44  230.7  0.94  231.9  0.95  232.2  0.95   335   349 1.000  40.0  10055 1B55
12.02.2024 16:17:38  *01n 20 100TL 4  489.6  0.57   282  227.2  0.16    36  230.3  0.95  231.6  0.95  231.7  0.93   318   346 1.000  40.0  10057 945D
12.02.2024 16:17:58  *01n 20 100TL 4  489.1  0.60   296  227.4  0.20    44  230.5  0.82  231.8  0.85  231.9  0.87   340   341 1.000  39.9  10059 18A7
12.02.2024 16:18:18  *01n 20 100TL 4  479.3  0.61   297  227.2  0.20    44  231.0  0.93  231.7  0.95  231.6  0.94   341   337 0.999c  39.9  10061 814F
12.02.2024 16:18:38  *01n 20 100TL 4  469.7  0.58   276  227.2  0.16    36  230.6  0.93  231.8  0.94  231.9  0.93   312   332 1.000  40.0  10062 3170
12.02.2024 16:18:58  *01n 20 100TL 4  488.4  0.63   308  227.2  0.18    41  230.7  0.91  231.9  0.92  232.2  0.92   349   334 1.000  40.0  10064 F3AD
12.02.2024 16:19:18  *01n 20 100TL 4  488.6  0.65   321  227.2  0.21    45  230.3  0.89  231.5  0.88  231.9  0.85   367   332 1.000  40.0  10066 843F
12.02.2024 16:19:38  *01n 20 100TL 4  488.0  0.61   299  227.2  0.19    44  230.3  0.86  231.7  0.89  231.9  0.88   343   329 1.000  40.0  10068 ED69
12.02.2024 16:19:58  *01n 20 100TL 4  487.8  0.66   323  227.2  0.18    41  230.3  0.91  231.7  0.93  231.8  0.90   364   329 0.999i  39.9  10070 C68A
12.02.2024 16:20:18  *01n 20 100TL 4  478.0  0.69   329  227.3  0.21    48  230.5  0.86  231.7  0.88  232.1  0.85   378   325 1.000  39.9  10072 6481
12.02.2024 16:20:38  *01n 20 100TL 4  477.7  0.70   334  227.1  0.21    48  230.6  0.86  232.0  0.88  232.3  0.87   383   326 1.000  39.9  10073 B32D
12.02.2024 16:20:58  *01n 20 100TL 4  486.9  0.63   309  227.2  0.17    39  230.6  0.90  231.9  0.92  232.3  0.85   349   325 1.000  39.9  10075 EF86
12.02.2024 16:21:18  *01n 20 100TL 4  489.4  0.67   329  227.5  0.21    48  230.7  0.88  231.8  0.87  231.8  0.85   378   328 1.000  39.9  10077 F859
12.02.2024 16:21:38  *01n 20 100TL 4  476.9  0.65   314  227.3  0.20    44  230.5  0.93  231.6  0.92  231.9  0.90   358   325 1.000  39.9  10079 2140
12.02.2024 16:21:58  *01n 20 100TL 4  476.6  0.65   314  227.2  0.18    39  231.1  0.91  231.1  0.93  231.9  0.92   354   325 1.000  39.9  10081 6535
12.02.2024 16:22:18  *01n 20 100TL 4  486.1  0.60   292  227.2  0.16    35  231.0  0.93  231.7  0.94  232.3  0.93   328   329 1.000  39.9  10082 CBEE
12.02.2024 16:22:38  *01n 20 100TL 4  485.8  0.54   267  227.2  0.17    39  230.5  0.93  231.5  0.93  232.0  0.91   306   328 1.000  39.9  10084 22BD
12.02.2024 16:22:59  *01n 20 100TL 4  483.4  0.68   332  227.2  0.19    42  230.9  0.89  231.7  0.93  232.3  0.90   375   326 1.000  39.9  10086 EDFF
12.02.2024 16:23:19  *01n 20 100TL 4  492.1  0.63   312  227.2  0.18    39  231.0  0.90  231.9  0.90  232.4  0.88   352   328 1.000  39.9  10088 748C
12.02.2024 16:23:39  *01n 20 100TL 4  499.0  0.54   271  227.2  0.18    39  230.9  0.90  231.6  0.92  232.4  0.89   311   331 1.000  39.9  10090 D8DE
12.02.2024 16:23:59  *01n 20 100TL 4  485.0  0.54   263  227.4  0.17    36  231.1  0.90  231.7  0.93  232.4  0.90   300   329 1.000  39.9  10092 CECC
12.02.2024 16:24:19  *01n 20 100TL 4  484.6  0.55   270  227.2  0.15    35  230.7  0.88  231.7  0.88  232.3  0.89   305   329 0.999c  39.9  10093 5449
12.02.2024 16:24:39  *01n 20 100TL 4  485.8  0.55   271  227.2  0.15    33  230.7  0.92  231.7  0.93  232.6  0.88   305   332 1.000  39.9  10095 007E
12.02.2024 16:24:59  *01n 20 100TL 4  481.3  0.61   297  227.1  0.20    45  230.8  0.94  231.5  0.95  232.2  0.93   343   337 1.000  39.9  10097 7F6F
12.02.2024 16:25:19  *01n 20 100TL 4  478.3  0.51   245  227.2  0.13    30  231.3  0.96  230.8  0.95  232.2  0.93   276   331 1.000  39.9  10099 91BE
12.02.2024 16:25:39  *01n 20 100TL 4  489.3  0.61   302  227.1  0.17    38  230.7  0.88  231.8  0.92  232.3  0.90   340   338 1.000  39.9  10101 0383
12.02.2024 16:25:59  *01n 20 100TL 4  478.9  0.59   283  227.2  0.19    42  230.7  0.87  231.5  0.88  232.1  0.86   326   334 0.999c  39.9  10103 FFBE
12.02.2024 16:26:19  *01n 20 100TL 4  473.6  0.56   265  227.2  0.18    39  230.3  0.93  231.6  0.94  232.2  0.93   305   332 1.000  39.9  10105 8D96
12.02.2024 16:26:39  *01n 20 100TL 4  490.5  0.58   285  227.2  0.16    36  230.7  0.93  231.8  0.93  232.1  0.91   321   340 1.000  39.9  10106 9CFF
12.02.2024 16:26:59  *01n 20 100TL 4  479.1  0.63   305  227.2  0.20    45  230.7  0.92  231.5  0.95  232.0  0.92   350   335 1.000  39.9  10108 034A
12.02.2024 16:27:19  *01n 20 100TL 4  486.9  0.60   292  227.4  0.18    39  230.7  0.91  231.4  0.93  232.0  0.88   332   334 1.000  39.9  10110 8FD0
12.02.2024 16:27:39  *01n 20 100TL 4  486.7  0.61   299  227.3  0.17    39  230.5  0.95  231.5  0.99  232.0  0.96   338   335 0.999i  39.9  10112 FDFD
12.02.2024 16:27:59  *01n 20 100TL 4  486.7  0.51   253  227.2  0.15    33  230.6  0.91  231.7  0.93  232.1  0.92   286   335 1.000  39.9  10114 3621
12.02.2024 16:28:19  *01n 20 100TL 4  490.3  0.54   268  227.2  0.17    39  230.7  0.89  231.1  0.91  232.1  0.88   308   329 1.000  39.9  10116 7D8D
12.02.2024 16:28:39  *01n 20 100TL 4  488.4  0.69   340  227.1  0.21    45  230.2  0.88  231.3  0.90  231.5  0.86   386   335 1.000  39.9  10118 22FE
12.02.2024 16:28:59  *01n 20 100TL 4  487.6  0.54   265  227.2  0.15    33  230.4  0.93  231.5  0.94  231.8  0.93   299   331 1.000  39.9  10119 0D7A
12.02.2024 16:29:20  *01n 20 100TL 4  485.2  0.53   257  227.2  0.17    38  230.4  0.89  231.6  0.90  231.9  0.89   296   325 0.999i  39.9  10121 42BE
12.02.2024 16:29:40  *01n 20 100TL 4  495.0  0.53   265  227.4  0.15    35  230.4  0.94  231.5  0.93  232.1  0.94   300   328 0.999i  39.9  10123 BCC3
12.02.2024 16:30:00  *01n 20 100TL 4  485.3  0.50   245  227.1  0.13    30  230.3  0.90  231.2  0.94  231.8  0.91   276   320 1.000  39.9  10125 4E4C
12.02.2024 16:30:20  *01n 20 100TL 4  494.9  0.63   314  227.2  0.20    45  230.2  0.87  231.4  0.86  231.8  0.89   360   318 1.000  39.9  10127 347B
12.02.2024 16:30:40  *01n 20 100TL 4  483.9  0.60   291  227.3  0.18    42  230.7  0.87  231.6  0.86  232.2  0.86   334   312 1.000  39.9  10128 53C0
12.02.2024 16:31:00  *01n 20 100TL 4  485.5  0.57   282  227.2  0.14    30  230.4  0.92  231.5  0.94  232.0  0.90   312   315 1.000  39.8  10130 CE96
12.02.2024 16:31:20  *01n 20 100TL 4  484.1  0.54   267  227.3  0.15    35  230.4  0.86  231.5  0.88  232.0  0.87   302   306 1.000  39.8  10132 777D
12.02.2024 16:31:40  *01n 20 100TL 4  474.9  0.58   279  227.4  0.16    36  230.3  0.86  231.4  0.86  231.7  0.83   315   299 1.000  39.8  10134 E5A7
12.02.2024 16:32:00  *01n 20 100TL 4  474.3  0.64   303  227.2  0.15    33  230.4  0.85  231.2  0.84  232.0  0.82   337   297 1.000  39.8  10135 65F3
12.02.2024 16:32:20  *01n 20 100TL 4  483.7  0.63   306  227.2  0.16    35  230.3  0.86  231.4  0.91  231.9  0.86   341   299 1.000  39.8  10137 5D17
12.02.2024 16:32:40  *01n 20 100TL 4  483.6  0.54   262  227.1  0.14    32  230.2  0.90  231.4  0.88  231.9  0.90   294   289 1.000  39.8  10139 3781
12.02.2024 16:33:00  *01n 20 100TL 4  481.3  0.62   299  227.2  0.16    36  230.4  0.86  231.4  0.86  232.0  0.85   335   286 0.999c  39.8  10140 835B
12.02.2024 16:33:20  *01n 20 100TL 4  494.5  0.48   236  227.2  0.11    24  230.3  0.88  231.2  0.88  232.0  0.86   260   282 1.000  39.8  10142 2A9D
12.02.2024 16:33:40  *01n 20 100TL 4  491.9  0.46   230  227.2  0.12    25  230.2  0.88  231.4  0.90  231.4  0.88   256   280 1.000  39.8  10143 60B3
12.02.2024 16:34:00  *01n 20 100TL 4  482.8  0.58   282  227.2  0.13    28  230.3  0.83  231.5  0.86  231.7  0.83   311   274 1.000  39.8  10145 0D02
12.02.2024 16:34:20  *01n 20 100TL 4  477.9  0.55   267  227.2  0.11    24  230.5  0.86  231.4  0.88  231.8  0.87   291   271 0.999i  39.8  10146 151C
12.02.2024 16:34:40  *01n 20 100TL 4  482.4  0.55   268  227.5  0.14    30  230.3  0.85  231.5  0.87  231.9  0.83   299   265 1.000  39.8  10148 2394
12.02.2024 16:35:00  *01n 20 100TL 4  479.0  0.45   218  227.3  0.10    22  230.4  0.89  231.4  0.89  232.1  0.86   241   265 1.000  39.8  10150 3545
12.02.2024 16:35:20  *01n 20 100TL 4  477.3  0.51   244  227.4  0.11    24  230.3  0.90  231.4  0.92  232.0  0.88   268   257 0.999i  39.8  10151 C9B1
12.02.2024 16:35:40  *01n 20 100TL 4  481.5  0.52   254  227.2  0.10    24  230.8  0.86  231.5  0.88  232.2  0.84   279   254 0.999i  39.8  10152 7FDD
12.02.2024 16:36:01  *01n 20 100TL 4  481.9  0.50   241  227.1  0.12    25  230.4  0.90  231.5  0.90  232.2  0.90   267   253 1.000  39.8  10154 C64D
12.02.2024 16:36:21  *01n 20 100TL 4  484.7  0.39   187  227.2  0.08    18  230.3  0.82  231.5  0.86  232.2  0.83   205   245 1.000  39.8  10155 CA52
12.02.2024 16:36:41  *01n 20 100TL 4  482.1  0.52   253  227.2  0.10    22  230.4  0.83  231.1  0.83  232.2  0.83   276   245 0.999c  39.8  10157 614A
12.02.2024 16:37:01  *01n 20 100TL 4  479.7  0.39   190  227.0  0.09    19  230.3  0.81  231.4  0.85  232.1  0.82   210   244 1.000  39.8  10158 4C0B
12.02.2024 16:37:21  *01n 20 100TL 4  483.4  0.47   230  227.5  0.10    21  230.8  0.86  231.6  0.85  232.3  0.85   251   242 0.999i  39.8  10159 0C3B
12.02.2024 16:37:41  *01n 20 100TL 4  482.6  0.50   244  227.2  0.09    19  230.4  0.88  231.4  0.90  232.1  0.88   263   241 1.000  39.8  10161 BE87
12.02.2024 16:38:01  *01n 20 100TL 4  488.1  0.51   253  227.2  0.10    21  230.3  0.80  231.4  0.83  232.2  0.80   274   233 0.999c  39.8  10162 1AC9
12.02.2024 16:38:21  *01n 20 100TL 4  488.2  0.41   204  227.2  0.07    15  230.4  0.82  231.4  0.86  232.2  0.84   219   236 0.999c  39.8  10163 EF4B
12.02.2024 16:38:41  *01n 20 100TL 4  488.3  0.40   198  227.2  0.06    13  230.2  0.84  231.2  0.86  231.7  0.82   212   231 1.000  39.8  10165 69D0
12.02.2024 16:39:01  *01n 20 100TL 4  488.1  0.41   204  227.1  0.08    16  230.4  0.86  231.4  0.85  232.0  0.84   221   231 1.000  39.8  10166 B0D6
12.02.2024 16:39:21  *01n 20 100TL 4  488.5  0.53   260  227.2  0.09    19  230.2  0.83  231.3  0.85  231.6  0.86   280   225 1.000  39.8  10167 E431
12.02.2024 16:39:41  *01n 20 100TL 4  491.2  0.41   202  227.2  0.06    15  230.3  0.83  231.3  0.84  231.7  0.83   218   224 0.999i  39.8  10168 2A97
12.02.2024 16:40:01  *01n 20 100TL 4  478.2  0.45   216  227.2  0.06    13  230.3  0.79  231.0  0.83  231.5  0.81   230   222 0.999c  39.8  10170 FF9B
12.02.2024 16:40:21  *01n 20 100TL 4  457.8  0.43   199  227.2  0.07    15  230.4  0.84  231.3  0.88  232.0  0.86   215   218 0.999i  39.8  10171 6E43
12.02.2024 16:40:41  *01n 20 100TL 4  437.5  0.43   193  227.2  0.06    13  230.4  0.86  231.4  0.85  231.9  0.85   207   209 0.999i  39.8  10172 02A0
12.02.2024 16:41:01  *01n 20 100TL 4  417.3  0.44   184  227.1  0.05    13  230.4  0.83  231.1  0.85  231.5  0.84   198   204 1.000  39.8  10173 0E71
12.02.2024 16:41:21  *01n 20 100TL 4  397.2  0.46   181  227.2  0.07    13  229.9  0.84  231.1  0.81  231.5  0.80   195   192 0.999i  39.8  10174 B98F
12.02.2024 16:41:41  *01n 20 100TL 4  389.5  0.43   169  227.2  0.05    12  230.1  0.81  231.0  0.82  231.5  0.80   181   187 0.999c  39.8  10175 8A62
12.02.2024 16:42:01  *01n 20 100TL 4  389.4  0.35   138  227.2  0.04     7  230.3  0.81  230.9  0.86  231.5  0.83   146   187 1.000  39.7  10176 147F
12.02.2024 16:42:21  *01n 20 100TL 4  389.3  0.46   178  227.2  0.03     7  230.3  0.81  230.9  0.85  231.5  0.83   186   184 0.999i  39.7  10177 8B98
12.02.2024 16:42:42  *01n 20 100TL 4  389.3  0.42   164  227.2  0.06    13  230.4  0.83  231.4  0.83  231.7  0.83   178   181 1.000  39.7  10178 7229
12.02.2024 16:43:02  *01n 20 100TL 4  389.3  0.40   155  227.2  0.03     6  230.5  0.81  231.4  0.82  231.9  0.83   161   175 0.999i  39.8  10179 08BE
12.02.2024 16:43:22  *01n 20 100TL 4  389.3  0.35   137  226.9  0.02     3  230.2  0.82  231.2  0.81  231.8  0.80   140   175 0.999c  39.8  10180 CDE9
12.02.2024 16:43:42  *01n 20 100TL 4  389.5  0.35   137  227.3  0.03     6  230.7  0.82  230.6  0.83  232.2  0.82   143   170 1.000  39.7  10181 C9AA
12.02.2024 16:44:02  *01n 20 100TL 4  389.5  0.39   152  227.2  0.01     1  230.6  0.81  230.6  0.86  232.4  0.84   154   169 0.999i  39.7  10182 1E0F
12.02.2024 16:44:22  *01n 20 100TL 4  389.6  0.31   122  227.2  0.01     3  230.4  0.82  230.5  0.85  232.2  0.80   125   164 0.999i  39.7  10183 4494
12.02.2024 16:44:42  *01n 20 100TL 4  389.3  0.39   154  227.3  0.03     6  230.6  0.82  230.7  0.84  232.3  0.80   160   164 0.999i  39.7  10184 8056
12.02.2024 16:45:02  *01n 20 100TL 4  389.5  0.51   199  227.2  0.00     0  230.4  0.86  230.6  0.82  232.3  0.82   199   163 0.998i  39.7  10185 23EB
12.02.2024 16:45:22  *01n 20 100TL 4  389.4  0.42   163  227.1  0.00     0  230.1  0.80  230.6  0.81  232.0  0.78   163   158 0.999c  39.7  10186 6C58
12.02.2024 16:45:42  *01n 20 100TL 4  389.4  0.33   132  227.3  0.01     1  230.4  0.80  230.5  0.79  232.0  0.79   134   154 0.999c  39.7  10187 892B
12.02.2024 16:46:02  *01n 20 100TL 4  389.3  0.38   148  227.2  0.00     0  230.3  0.81  230.7  0.81  231.9  0.78   148   154 0.999c  39.7  10188 CDBE
12.02.2024 16:46:22  *01n 20 100TL 4  389.5  0.34   132  227.2  0.00     0  230.3  0.82  230.6  0.80  232.0  0.80   132   151 1.000  39.7  10189 4CF7
12.02.2024 16:46:42  *01n 20 100TL 4  389.7  0.47   183  227.3  0.00     0  230.4  0.80  230.6  0.80  232.0  0.79   183   149 0.999c  39.7  10189 3677
12.02.2024 16:47:02  *01n 20 100TL 4  389.4  0.43   170  227.2  0.00     0  230.4  0.81  230.5  0.85  232.0  0.82   170   148 0.999i  39.7  10190 746A
12.02.2024 16:47:22  *01n 20 100TL 4  389.6  0.38   151  227.2  0.00     0  230.6  0.81  230.8  0.83  232.0  0.82   151   141 0.999i  39.7  10191 915B
12.02.2024 16:47:42  *01n 20 100TL 4  389.7  0.38   149  227.3  0.00     0  230.8  0.79  230.7  0.85  232.2  0.81   149   143 0.999c  39.7  10192 00AA
12.02.2024 16:48:02  *01n 20 100TL 4  389.4  0.35   137  227.2  0.00     0  230.5  0.79  231.0  0.82  232.0  0.79   137   137 0.998c  39.7  10193 3BFD
12.02.2024 16:48:22  *01n 20 100TL 4  389.5  0.46   181  227.1  0.00     0  230.4  0.79  230.9  0.83  231.7  0.77   181   135 0.998c  39.7  10194 9C3D
12.02.2024 16:48:42  *01n 20 100TL 4  389.4  0.44   170  227.2  0.00     0  230.4  0.79  230.9  0.82  231.8  0.78   170   135 0.999c  39.7  10194 922E
12.02.2024 16:49:03  *01n 20 100TL 4  389.5  0.42   163  227.3  0.00     0  230.5  0.80  231.0  0.83  231.9  0.77   163   131 0.999c  39.7  10195 938C
12.02.2024 16:49:23  *01n 20 100TL 4  389.5  0.32   129  227.2  0.00     0  230.6  0.82  230.9  0.82  231.8  0.83   129   131 0.999i  39.7  10196 CFBB
12.02.2024 16:49:43  *01n 20 100TL 4  389.4  0.33   129  227.2  0.00     0  230.5  0.81  230.9  0.81  231.9  0.78   129   128 0.998c  39.7  10196 118D
12.02.2024 16:50:03  *01n 20 100TL 4  389.5  0.33   129  227.1  0.00     0  230.5  0.80  230.6  0.80  231.7  0.80   129   126 0.999i  39.7  10197 695A
12.02.2024 16:50:23  *01n 20 100TL 4  389.5  0.33   131  227.2  0.00     0  231.8  0.78  229.5  0.79  231.5  0.76   131   126 0.998c  39.7  10198 E83A
12.02.2024 16:50:43  *01n 20 100TL 4  389.5  0.21    82  227.3  0.00     0  230.5  0.82  231.0  0.82  232.0  0.79    82   120 0.998i  39.7  10199 D54E
12.02.2024 16:51:03  *01n 20 100TL 4  389.4  0.34   134  227.3  0.00     0  230.4  0.81  231.0  0.81  232.2  0.79   134   122 0.998i  39.7  10199 635C
12.02.2024 16:51:23  *01n 20 100TL 4  389.4  0.28   108  227.2  0.00     0  230.3  0.79  230.9  0.78  232.0  0.79   108   119 0.999c  39.7  10200 4FC7
12.02.2024 16:51:43  *01n 20 100TL 4  389.5  0.39   152  227.2  0.00     0  230.2  0.80  230.9  0.83  232.0  0.82   152   120 0.999i  39.7  10201 3166
12.02.2024 16:52:03  *01n 20 100TL 4  389.3  0.39   149  227.1  0.00     0  230.3  0.78  230.4  0.80  232.0  0.77   149   119 0.998c  39.7  10201 938C
12.02.2024 16:52:23  *01n 20 100TL 4  389.4  0.18    71  227.1  0.00     0  230.1  0.80  230.4  0.83  231.8  0.80    71   119 0.999i  39.7  10202 93E0
12.02.2024 16:52:43  *01n 20 100TL 4  389.3  0.24    94  227.2  0.00     0  229.9  0.79  231.3  0.82  231.5  0.80    94   117 0.999i  39.7  10203 25A1
12.02.2024 16:53:03  *01n 20 100TL 4  389.6  0.27   106  227.3  0.00     0  230.1  0.82  231.2  0.79  231.4  0.79   106   115 0.999c  39.7  10203 61C8
12.02.2024 16:53:23  *01n 20 100TL 4  389.5  0.34   132  227.3  0.00     0  230.3  0.77  230.6  0.83  232.0  0.79   132   115 0.999c  39.7  10204 EE48
12.02.2024 16:53:43  *01n 20 100TL 4  389.5  0.35   135  227.1  0.00     0  230.5  0.78  230.8  0.81  232.4  0.79   135   114 0.998i  39.7  10204 3386
12.02.2024 16:54:03  *01n 20 100TL 4  389.5  0.36   140  227.2  0.00     0  230.2  0.77  230.7  0.80  231.6  0.80   140   114 0.998i  39.7  10205 E2FE
12.02.2024 16:54:23  *01n 20 100TL 4  389.5  0.31   119  227.1  0.00     0  230.2  0.79  230.6  0.80  231.8  0.79   119   114 0.999c  39.7  10206 1E03
12.02.2024 16:54:43  *01n 20 100TL 4  389.5  0.26   102  227.4  0.00     0  230.3  0.79  230.7  0.81  231.9  0.79   102   114 0.998i  39.7  10206 DFDE
12.02.2024 16:55:03  *01n 20 100TL 4  389.5  0.19    74  226.9  0.00     0  230.2  0.78  230.6  0.81  231.9  0.79    74   111 0.998c  39.7  10207 E713
12.02.2024 16:55:23  *01n 20 100TL 4  389.3  0.31   125  227.5  0.00     0  230.2  0.82  231.0  0.81  231.6  0.80   125   117 0.998i  39.7  10208 0046
12.02.2024 16:55:43  *01n 20 100TL 4  389.4  0.27   103  227.1  0.00     0  230.1  0.80  231.4  0.77  231.9  0.79   103   112 0.998c  39.7  10208 F356
12.02.2024 16:56:04  *01n 20 100TL 4  389.4  0.20    77  227.4  0.00     0  230.4  0.81  230.3  0.80  232.2  0.80    77   112 0.998c  39.7  10209 15C9
12.02.2024 16:56:24  *01n 20 100TL 4  389.4  0.22    86  227.2  0.00     0  230.0  0.82  230.4  0.82  231.9  0.79    86   112 0.998i  39.7  10210 776E
12.02.2024 16:56:44  *01n 20 100TL 4  389.6  0.25    99  227.1  0.00     0  230.0  0.77  231.1  0.82  231.5  0.78    99   111 0.998c  39.7  10210 2B75
12.02.2024 16:57:04  *01n 20 100TL 4  389.5  0.30   115  227.2  0.00     0  230.4  0.82  230.5  0.83  232.4  0.82   115   114 0.998i  39.7  10211 1760
12.02.2024 16:57:24  *01n 20 100TL 4  389.5  0.24    94  227.2  0.00     0  230.5  0.80  230.5  0.80  231.6  0.78    94   108 0.999c  39.7  10212 AD3C
12.02.2024 16:57:44  *01n 20 100TL 4  389.3  0.23    90  227.2  0.00     0  230.3  0.79  230.5  0.83  232.0  0.79    90   109 0.998c  39.7  10212 A7A0
12.02.2024 16:58:04  *01n 20 100TL 4  389.3  0.13    51  227.2  0.00     0  230.0  0.80  231.0  0.80  231.8  0.79    51   106 0.998i  39.7  10213 9FBE
12.02.2024 16:58:24  *01n 20 100TL 4  389.4  0.21    82  227.2  0.00     0  230.1  0.77  231.2  0.78  231.8  0.78    82   109 0.998c  39.7  10213 97B2
12.02.2024 16:58:44  *01n 20 100TL 4  389.4  0.20    82  227.2  0.00     0  230.2  0.79  231.3  0.81  231.8  0.82    82   109 0.998c  39.7  10214 531F
12.02.2024 16:59:04  *01n 20 100TL 4  389.3  0.16    64  227.4  0.00     0  230.6  0.81  230.5  0.81  232.5  0.81    64   105 0.998i  39.7  10215 7E3D
12.02.2024 16:59:24  *01n 20 100TL 4  389.5  0.39   154  227.3  0.00     0  230.9  0.79  230.7  0.78  232.7  0.78   154   108 0.998c  39.7  10215 9B88
12.02.2024 16:59:44  *01n 20 100TL 4  389.4  0.27   106  227.2  0.00     0  230.5  0.79  231.0  0.83  232.5  0.79   106   109 0.998c  39.7  10216 37B7
12.02.2024 17:00:04  *01n 20 100TL 4  389.6  0.31   122  227.2  0.00     0  230.7  0.81  231.8  0.80  232.4  0.78   122   105 0.998c  39.6  10216 B1BA
12.02.2024 17:00:24  *01n 20 100TL 4  389.4  0.24    91  227.2  0.00     0  230.7  0.80  231.9  0.81  232.4  0.78    91   103 0.998i  39.7  10217 8753
12.02.2024 17:00:44  *01n 20 100TL 4  388.8  0.19    79  227.1  0.00     0  231.1  0.80  231.1  0.82  232.9  0.80    79   100 0.998i  39.6  10217 F397
12.02.2024 17:01:04  *01n 20 100TL 4  390.6  0.27   106  227.4  0.00     0  230.8  0.80  231.1  0.79  232.6  0.79   106   102 0.998c  39.7  10218 A9A1
12.02.2024 17:01:24  *01n 20 100TL 4  390.1  0.18    70  227.1  0.00     0  230.6  0.77  231.5  0.79  232.3  0.77    70   100 0.998c  39.6  10219 1BA2
12.02.2024 17:01:44  *01n 20 100TL 4  390.6  0.26    99  227.4  0.00     0  230.3  0.83  231.4  0.84  231.9  0.83    99   105 0.998i  39.6  10219 F0F8
12.02.2024 17:02:04  *01n 20 100TL 4  388.6  0.17    68  226.9  0.00     0  230.4  0.78  230.4  0.81  232.3  0.79    80    97 0.998i  39.7  10220 21B3
12.02.2024 17:02:25  *01n 20 100TL 4  389.8  0.31   123  227.1  0.00     0  230.1  0.76  231.0  0.81  231.6  0.80   123    97 0.998c  39.7  10220 FB65
12.02.2024 17:02:45  *01n 20 100TL 4  389.6  0.22    88  227.6  0.00     0  230.3  0.82  231.2  0.78  231.9  0.79    88    96 0.998c  39.6  10221 5EB6
12.02.2024 17:03:05  *01n 20 100TL 4  389.8  0.24    94  227.5  0.00     0  230.4  0.81  230.6  0.83  232.2  0.78    94    94 0.998c  39.6  10221 1AC4
12.02.2024 17:03:25  *01n 20 100TL 4  389.3  0.21    83  227.2  0.00     0  230.4  0.80  230.5  0.79  232.2  0.78    83    96 0.998c  39.6  10222 D4C6
12.02.2024 17:03:45  *01n 20 100TL 4  389.3  0.26   100  227.2  0.00     0  229.9  0.80  231.1  0.83  231.5  0.77   100    93 0.998c  39.6  10222 E8C5
12.02.2024 17:04:05  *01n 20 100TL 4  389.5  0.17    65  227.2  0.00     0  230.2  0.80  231.1  0.76  231.8  0.81    65    91 0.998i  39.6  10223 6AF6
12.02.2024 17:04:25  *01n 20 100TL 4  389.5  0.29   119  227.2  0.00     0  230.4  0.83  230.3  0.79  232.0  0.78   119    93 0.998i  39.6  10223 87FD
12.02.2024 17:04:45  *01n 20 100TL 4  389.5  0.32   128  227.3  0.00     0  230.4  0.75  230.3  0.79  232.0  0.77   128    91 0.998c  39.6  10224 C213
12.02.2024 17:05:05  *01n 20 100TL 4  389.5  0.22    86  227.3  0.00     0  230.2  0.80  231.3  0.81  231.9  0.78    86    91 0.998c  39.6  10224 2A78
12.02.2024 17:05:25  *01n 20 100TL 4  389.3  0.15    57  227.0  0.00     0  230.3  0.77  231.3  0.81  231.8  0.78    57    94 0.998c  39.6  10225 3FD2
12.02.2024 17:05:45  *01n 20 100TL 4  389.5  0.32   128  227.2  0.00     0  230.6  0.81  230.5  0.79  232.3  0.81   128    90 0.995c  39.6  10225 15DF
12.02.2024 17:06:05  *01n 20 100TL 4  389.4  0.29   117  227.2  0.00     0  231.0  0.80  230.6  0.83  232.4  0.81   117    91 0.998i  39.6  10226 F05F
12.02.2024 17:06:25  *01n 20 100TL 4  389.3  0.18    71  227.3  0.00     0  230.3  0.80  231.3  0.80  231.8  0.79    71    90 0.997c  39.6  10226 00C7
12.02.2024 17:06:45  *01n 20 100TL 4  389.6  0.18    71  227.5  0.00     0  230.2  0.79  231.0  0.78  231.8  0.78    71    86 0.998c  39.6  10227 A009
12.02.2024 17:07:05  *01n 20 100TL 4  389.6  0.28   108  227.6  0.00     0  230.5  0.79  230.2  0.79  232.1  0.75   108    86 0.998c  39.6  10227 2311
12.02.2024 17:07:25  *01n 20 100TL 4  389.4  0.21    82  227.1  0.00     0  230.5  0.78  230.3  0.79  232.0  0.77    82    88 0.993c  39.6  10228 0717
12.02.2024 17:07:45  *01n 20 100TL 4  389.4  0.21    83  227.2  0.00     0  230.0  0.81  231.2  0.81  231.7  0.79    83    86 0.998i  39.6  10228 046B
12.02.2024 17:08:05  *01n 20 100TL 4  389.3  0.24    94  227.4  0.00     0  230.0  0.85  230.9  0.82  231.5  0.79    94    86 0.998i  39.6  10229 D7BD
12.02.2024 17:08:25  *01n 20 100TL 4  389.5  0.15    61  227.1  0.00     0  230.3  0.76  230.3  0.81  231.7  0.75    61    83 0.997c  39.6  10229 A9CC
12.02.2024 17:08:46  *01n 20 100TL 4  389.5  0.22    86  227.2  0.00     0  230.4  0.79  230.3  0.76  231.8  0.76    86    83 0.997c  39.6  10230 84C6
12.02.2024 17:09:06  *01n 20 100TL 4  389.5  0.12    50  227.2  0.00     0  229.9  0.79  230.9  0.82  231.4  0.80    50    82 0.995i  39.6  10230 3109
12.02.2024 17:09:26  *01n 20 100TL 4  389.6  0.19    74  227.2  0.00     0  230.3  0.82  230.9  0.79  231.6  0.77    74    79 0.997c  39.6  10231 8756
12.02.2024 17:09:46  *01n 20 100TL 4  389.7  0.25    96  227.2  0.00     0  230.3  0.80  230.3  0.80  232.0  0.77    96    80 0.997c  39.6  10231 D148
12.02.2024 17:10:06  *01n 20 100TL 4  389.6  0.13    50  227.5  0.00     0  230.4  0.78  230.3  0.79  232.0  0.80    50    77 0.997c  39.6  10232 426F
12.02.2024 17:10:26  *01n 20 100TL 4  389.5  0.21    83  227.2  0.00     0  230.2  0.76  231.0  0.81  231.8  0.78    83    80 0.997c  39.6  10232 C072
12.02.2024 17:10:46  *01n 20 100TL 4  389.7  0.29   111  227.2  0.00     0  230.1  0.80  231.2  0.80  231.9  0.82   111    79 0.997i  39.6  10233 1E4B
12.02.2024 17:11:06  *01n 20 100TL 4  389.6  0.18    71  227.3  0.00     0  230.4  0.77  230.4  0.80  232.4  0.75    71    74 0.997c  39.6  10233 B51A
12.02.2024 17:11:26  *01n 20 100TL 4  389.3  0.19    74  227.2  0.00     0  230.1  0.81  231.2  0.82  231.7  0.79    74    77 0.996i  39.6  10233 9E60
12.02.2024 17:11:46  *01n 20 100TL 4  389.3  0.11    44  227.2  0.00     0  230.3  0.77  230.9  0.81  231.8  0.76    44    73 0.997c  39.6  10234 AA9A
12.02.2024 17:12:06  *01n 20 100TL 4  389.3  0.12    48  227.2  0.00     0  230.7  0.76  230.4  0.81  232.4  0.81    48    73 0.996i  39.6  10234 F214
12.02.2024 17:12:26  *01n 20 100TL 4  389.3  0.24    94  227.2  0.00     0  230.6  0.79  230.1  0.77  232.1  0.80    94    71 0.992c  39.6  10235 2212
12.02.2024 17:12:46  *01n 20 100TL 4  389.3  0.17    62  227.3  0.00     0  230.9  0.78  230.8  0.80  231.5  0.79    62    70 0.993c  39.6  10235 7AC1
12.02.2024 17:13:06  *01n 20 100TL 4  389.4  0.19    76  227.2  0.00     0  230.0  0.78  230.7  0.82  231.6  0.77    76    67 0.996c  39.5  10236 0E48
12.02.2024 17:13:26  *01n 20 100TL 4  389.3  0.09    33  227.2  0.00     0  230.2  0.79  230.1  0.79  231.9  0.76    33    62 0.994c  39.6  10236 A677
12.02.2024 17:13:46  *01n 20 100TL 4  389.4  0.15    62  227.2  0.00     0  230.2  0.78  230.2  0.80  232.1  0.82    62    64 0.989i  39.6  10236 15BB
12.02.2024 17:14:06  *01n 20 100TL 4  389.4  0.22    91  226.9  0.00     0  230.3  0.77  230.3  0.79  232.0  0.78    91    62 0.990c  39.5  10237 F2C5
12.02.2024 17:14:26  *01n 20 100TL 4  389.6  0.10    44  227.2  0.00     0  230.2  0.77  230.4  0.80  232.2  0.81    44    62 0.996i  39.5  10237 0185
12.02.2024 17:14:47  *01n 20 100TL 4  389.3  0.18    74  227.1  0.00     0  230.2  0.78  231.1  0.79  231.8  0.77    74    59 0.995c  39.5  10237 B5E8
12.02.2024 17:15:07  *01n 20 100TL 4  389.3  0.10    41  227.3  0.00     0  230.4  0.79  230.5  0.81  232.2  0.79    41    57 0.994i  39.5  10238 D7AC
12.02.2024 17:15:27  *01n 20 100TL 4  389.3  0.18    68  227.3  0.00     0  230.4  0.77  230.2  0.79  232.0  0.77    68    56 0.993c  39.5  10238 D841
12.02.2024 17:15:47  *01n 20 100TL 4  389.5  0.20    80  227.2  0.00     0  230.2  0.77  230.9  0.83  232.0  0.78    80    59 0.994i  39.5  10238 A9B7
12.02.2024 17:16:07  *01n 20 100TL 4  389.6  0.09    35  227.2  0.00     0  230.5  0.76  230.5  0.82  231.5  0.76    35    54 0.990c  39.5  10239 292F
12.02.2024 17:16:27  *01n 20 100TL 4  389.5  0.13    53  227.3  0.00     0  229.9  0.80  230.9  0.82  231.9  0.82    53    51 0.993i  39.6  10239 C4AB
12.02.2024 17:16:47  *01n 20 100TL 4  389.5  0.18    71  227.1  0.00     0  229.8  0.82  231.0  0.79  231.7  0.80    71    53 0.988i  39.6  10239 768E
12.02.2024 17:17:07  *01n 20 100TL 4  389.5  0.21    79  227.1  0.00     0  229.5  0.80  230.9  0.79  231.7  0.75    79    53 0.978i  39.6  10239 EC1F
12.02.2024 17:17:27  *01n 20 100TL 4  389.5  0.10    39  227.2  0.00     0  229.6  0.78  230.8  0.79  231.9  0.78    39    48 0.990c  39.5  10240 6BDA
12.02.2024 17:17:47  *01n 20 100TL 4  389.7  0.05    21  227.2  0.00     0  229.8  0.80  230.0  0.79  231.8  0.76    21    48 0.982c  39.6  10240 1BC1
12.02.2024 17:18:07  *01n 20 100TL 4  389.3  0.14    48  227.2  0.00     0  229.8  0.78  230.3  0.79  231.9  0.80    48    47 0.987i  39.5  10240 3333
